{
 "cells": [
  {
   "cell_type": "code",
   "execution_count": 99,
   "metadata": {},
   "outputs": [
    {
     "data": {
      "text/plain": [
       "'  \\noptimize markowitz to lowest risk\\n'"
      ]
     },
     "execution_count": 99,
     "metadata": {},
     "output_type": "execute_result"
    }
   ],
   "source": [
    "import numpy as np\n",
    "import pandas as pd\n",
    "import scipy\n",
    "from scipy.optimize import minimize\n",
    "import matplotlib.pyplot as plt\n",
    "from sklearn.model_selection import train_test_split\n",
    "import os\n",
    "\n",
    "'''  \n",
    "optimize markowitz to lowest risk\n",
    "'''"
   ]
  },
  {
   "cell_type": "code",
   "execution_count": 100,
   "metadata": {},
   "outputs": [],
   "source": [
    "# read in data \n",
    "data = pd.read_csv('case2data.csv', index_col = 0)\n",
    "train, test = train_test_split(data, test_size = 0.2, shuffle = False)"
   ]
  },
  {
   "cell_type": "code",
   "execution_count": 146,
   "metadata": {},
   "outputs": [],
   "source": [
    "def func(x, cov):\n",
    "    return np.dot(np.dot(x, cov), x)\n",
    "\n",
    "def rescale(input):\n",
    "    #temp = input / np.sum(input)\n",
    "    #temp[temp > 1] = 1\n",
    "    #temp[temp < -1] = 0\n",
    "    \n",
    "    temp = np.exp(input) / np.sum(np.exp(input))\n",
    "    \n",
    "    return temp"
   ]
  },
  {
   "cell_type": "code",
   "execution_count": 151,
   "metadata": {},
   "outputs": [],
   "source": [
    "# uniform weights\n",
    "def calculateWeights(running_price_paths, running_weights_paths):\n",
    "    cov1 = np.cov(running_price_paths[-21:].T)\n",
    "    print(cov1)\n",
    "    w = running_weights_paths[len(running_weights_paths) - 1]\n",
    "    \n",
    "    weights = minimize(func, w, cov1)\n",
    "    ret = weights.x / (np.sum(weights.x))\n",
    "    \n",
    "    print(rescale(ret))\n",
    "\n",
    "    return rescale(ret)"
   ]
  },
  {
   "cell_type": "code",
   "execution_count": 152,
   "metadata": {},
   "outputs": [],
   "source": [
    "## given grading scheme\n",
    "class Allocator():\n",
    "    def __init__(self, train_data):\n",
    "        '''\n",
    "        Anything data you want to store between days must be stored in a class field\n",
    "        '''\n",
    "        self.running_price_paths = train_data.copy()\n",
    "        self.train_data = train_data.copy()\n",
    "        self.running_weights_paths = [[1/6, 1/6, 1/6, 1/6, 1/6, 1/6]]\n",
    "        \n",
    "        # Do any preprocessing here -- do not touch running_price_paths, it will store the price path up to that data\n",
    "        \n",
    "        \n",
    "    def allocate_portfolio(self, asset_prices):\n",
    "        '''\n",
    "        asset_prices: np array of length 6, prices of the 6 assets on a particular day\n",
    "        weights: np array of length 6, portfolio allocation for the next day\n",
    "        '''\n",
    "        ### edit: used np.append to make this work\n",
    "        self.running_price_paths.loc[len(self.running_price_paths.index)] = asset_prices\n",
    "        #self.running_price_paths. = np.append(self.running_price_paths, asset_prices)\n",
    "        #print(self.running_price_paths)\n",
    "    \n",
    "        ### TODO Implement your code here\n",
    "        weights = calculateWeights(self.running_price_paths, self.running_weights_paths)\n",
    "        self.running_weights_paths.append(weights)\n",
    "        \n",
    "        return weights\n",
    "    \n",
    "    \n",
    "def grading(train_data, test_data): \n",
    "    '''\n",
    "    Grading Script\n",
    "    '''\n",
    "    weights = np.full(shape=(len(test_data.index),6), fill_value=0.0)\n",
    "    alloc = Allocator(train_data)\n",
    "    for i in range(0,len(test_data)):\n",
    "        weights[i,:] = alloc.allocate_portfolio(test_data.iloc[i,:])\n",
    "        if np.sum(weights < -1) or np.sum(weights > 1):\n",
    "            raise Exception(\"Weights Outside of Bounds\")\n",
    "    \n",
    "    capital = [1]\n",
    "    for i in range(len(test_data) - 1):\n",
    "        shares = capital[-1] * weights[i] / np.array(test_data.iloc[i,:])\n",
    "        balance = capital[-1] - np.dot(shares, np.array(test_data.iloc[i,:]))\n",
    "        net_change = np.dot(shares, np.array(test_data.iloc[i+1,:]))\n",
    "        capital.append(balance + net_change)\n",
    "    capital = np.array(capital)\n",
    "    returns = (capital[1:] - capital[:-1]) / capital[:-1]\n",
    "    \n",
    "    if np.std(returns) != 0:\n",
    "        sharpe = np.mean(returns) / np.std(returns)\n",
    "    else:\n",
    "        sharpe = 0\n",
    "        \n",
    "    return sharpe, capital, weights"
   ]
  },
  {
   "cell_type": "code",
   "execution_count": 153,
   "metadata": {},
   "outputs": [
    {
     "name": "stdout",
     "output_type": "stream",
     "text": [
      "[[ 45.9940077   -3.21195832  40.65338444  18.61081656  -6.68042597\n",
      "  -16.83405117]\n",
      " [ -3.21195832   0.51594453  -4.67022357  -1.75230585   0.8551977\n",
      "    2.36901416]\n",
      " [ 40.65338444  -4.67022357  58.18410742  18.32667968  -7.04876549\n",
      "  -24.12919084]\n",
      " [ 18.61081656  -1.75230585  18.32667968  10.70010281  -2.79343214\n",
      "   -8.58752696]\n",
      " [ -6.68042597   0.8551977   -7.04876549  -2.79343214   5.19329227\n",
      "    7.96870211]\n",
      " [-16.83405117   2.36901416 -24.12919084  -8.58752696   7.96870211\n",
      "   22.55608647]]\n",
      "[0.1295015  0.31531857 0.1501797  0.13967179 0.11744807 0.14788037]\n",
      "[[ 36.66824521  -2.08341647  32.21862834  12.32814976  -7.1483444\n",
      "   -9.9826708 ]\n",
      " [ -2.08341647   0.38887507  -3.62837573  -1.02756416   0.76558357\n",
      "    1.53982121]\n",
      " [ 32.21862834  -3.62837573  50.60222882  12.5652095   -7.79726562\n",
      "  -17.932596  ]\n",
      " [ 12.32814976  -1.02756416  12.5652095    6.60054241  -2.56145518\n",
      "   -3.97150923]\n",
      " [ -7.1483444    0.76558357  -7.79726562  -2.56145518   7.4211335\n",
      "    8.31376806]\n",
      " [ -9.9826708    1.53982121 -17.932596    -3.97150923   8.31376806\n",
      "   17.52256712]]\n",
      "[0.12089241 0.33236167 0.14498964 0.14658545 0.11190524 0.14326559]\n",
      "[[ 34.6746965   -1.56606499  29.04042251  13.34415272  -8.47546764\n",
      "   -8.10568567]\n",
      " [ -1.56606499   0.31406046  -2.76947586  -0.863216     0.70074937\n",
      "    1.10751522]\n",
      " [ 29.04042251  -2.76947586  45.55496687  14.43059987 -10.14788375\n",
      "  -14.90877446]\n",
      " [ 13.34415272  -0.863216    14.43059987   9.16452735  -4.83170077\n",
      "   -4.53356574]\n",
      " [ -8.47546764   0.70074937 -10.14788375  -4.83170077   9.35501459\n",
      "    9.18605951]\n",
      " [ -8.10568567   1.10751522 -14.90877446  -4.53356574   9.18605951\n",
      "   15.80584039]]\n",
      "[0.13478356 0.31864917 0.13458601 0.13887975 0.15897755 0.11412395]\n",
      "[[32.79710686 -0.93838351 22.23562302 14.31833621 -8.60086913 -5.81074693]\n",
      " [-0.93838351  0.25576832 -1.74399886 -0.73218733  0.46028126  0.61536087]\n",
      " [22.23562302 -1.74399886 31.19324709 14.19604162 -8.27423135 -8.85901117]\n",
      " [14.31833621 -0.73218733 14.19604162 10.03541614 -5.61766631 -4.89538765]\n",
      " [-8.60086913  0.46028126 -8.27423135 -5.61766631  9.87285425  8.82680216]\n",
      " [-5.81074693  0.61536087 -8.85901117 -4.89538765  8.82680216 13.49999121]]\n",
      "[0.1233084  0.19506888 0.08675101 0.30138257 0.20240214 0.091087  ]\n",
      "[[29.89580336 -0.55312123 17.08394947 12.77887687 -7.87359247 -3.09940579]\n",
      " [-0.55312123  0.22094117 -1.15936327 -0.40998544  0.26800178  0.2659954 ]\n",
      " [17.08394947 -1.15936327 22.65134089 10.74529995 -6.40005018 -4.10962912]\n",
      " [12.77887687 -0.40998544 10.74529995 10.06794079 -5.92195832 -3.37976245]\n",
      " [-7.87359247  0.26800178 -6.40005018 -5.92195832 10.25138681  8.08460577]\n",
      " [-3.09940579  0.2659954  -4.10962912 -3.37976245  8.08460577 10.97314814]]\n",
      "[0.12873174 0.34300131 0.13995369 0.12797558 0.1313382  0.12899948]\n",
      "[[27.67025165 -0.33145832 15.80915858  9.49942373 -6.95886963 -1.81510102]\n",
      " [-0.33145832  0.20494358 -0.90896809 -0.21412682  0.21204538  0.11593086]\n",
      " [15.80915858 -0.90896809 24.42684766  6.21202685 -5.16253364 -3.82363007]\n",
      " [ 9.49942373 -0.21412682  6.21202685  8.04830377 -5.33009923 -1.01087534]\n",
      " [-6.95886963  0.21204538 -5.16253364 -5.33009923 10.07863366  7.42869527]\n",
      " [-1.81510102  0.11593086 -3.82363007 -1.01087534  7.42869527 10.31270027]]\n",
      "[0.12799864 0.3371553  0.13980574 0.13167167 0.13663379 0.12673487]\n",
      "[[33.02250185 -0.76843651 20.76963337  8.62477201 -6.7185071  -4.67265843]\n",
      " [-0.76843651  0.24037312 -1.31334056 -0.16183766  0.20011189  0.3437041 ]\n",
      " [20.76963337 -1.31334056 29.02266991  5.44936091 -4.95905654 -6.45815103]\n",
      " [ 8.62477201 -0.16183766  5.44936091  6.71129036 -4.77412329 -0.9718198 ]\n",
      " [-6.7185071   0.20011189 -4.95905654 -4.77412329  9.85000794  7.47248137]\n",
      " [-4.67265843  0.3437041  -6.45815103 -0.9718198   7.47248137 11.7146145 ]]\n",
      "[0.13683791 0.32383641 0.14595973 0.11880883 0.12313717 0.15141995]\n",
      "[[43.17260482 -1.82895448 23.04249766 11.51755543 -6.3551311  -7.68326778]\n",
      " [-1.82895448  0.33548926 -1.44087594 -0.39920803  0.09400206  0.58754406]\n",
      " [23.04249766 -1.44087594 28.76127415  5.64253713 -4.40021639 -6.63678231]\n",
      " [11.51755543 -0.39920803  5.64253713  7.26747533 -4.38879972 -1.53743245]\n",
      " [-6.3551311   0.09400206 -4.40021639 -4.38879972  9.56707426  7.0575712 ]\n",
      " [-7.68326778  0.58754406 -6.63678231 -1.53743245  7.0575712  12.28884799]]\n",
      "[0.12160805 0.34587668 0.13171901 0.14603878 0.14863603 0.10612146]\n",
      "[[44.24449831 -2.32236463 21.26840271 11.93653032 -7.16917487 -9.25735558]\n",
      " [-2.32236463  0.4708219  -1.02343751 -0.38649898  0.18908284  1.01403364]\n",
      " [21.26840271 -1.02343751 29.96142494  5.84312012 -4.26903821 -5.32790037]\n",
      " [11.93653032 -0.38649898  5.84312012  6.9708639  -4.08073631 -1.48512678]\n",
      " [-7.16917487  0.18908284 -4.26903821 -4.08073631  9.33340543  7.3449015 ]\n",
      " [-9.25735558  1.01403364 -5.32790037 -1.48512678  7.3449015  13.63239017]]\n",
      "[0.11915361 0.32558411 0.14458357 0.15936319 0.12535821 0.1259573 ]\n",
      "[[ 45.81805163  -2.85261584  20.84036571  12.98364186  -7.42326503\n",
      "  -11.06139438]\n",
      " [ -2.85261584   0.57349205  -0.91967004  -0.60596364  -0.05640875\n",
      "    1.35006287]\n",
      " [ 20.84036571  -0.91967004  30.05631129   5.62930501  -4.37621549\n",
      "   -4.9819291 ]\n",
      " [ 12.98364186  -0.60596364   5.62930501   7.43358649  -3.66877374\n",
      "   -2.20849527]\n",
      " [ -7.42326503  -0.05640875  -4.37621549  -3.66877374   7.93208167\n",
      "    6.45183894]\n",
      " [-11.06139438   1.35006287  -4.9819291   -2.20849527   6.45183894\n",
      "   14.72814349]]\n",
      "[0.12598584 0.23172945 0.13695508 0.18930629 0.21485483 0.10116851]\n",
      "[[ 4.58632334e+01 -2.74689682e+00  2.09536482e+01  1.29103711e+01\n",
      "  -7.61497684e+00 -1.09052911e+01]\n",
      " [-2.74689682e+00  6.78929145e-01 -5.50887826e-01 -6.50959239e-01\n",
      "   1.65097213e-02  1.74305061e+00]\n",
      " [ 2.09536482e+01 -5.50887826e-01  3.02645491e+01  5.35319339e+00\n",
      "  -5.23797457e+00 -4.61079888e+00]\n",
      " [ 1.29103711e+01 -6.50959239e-01  5.35319339e+00  7.43975502e+00\n",
      "  -3.82248511e+00 -2.48634925e+00]\n",
      " [-7.61497684e+00  1.65097213e-02 -5.23797457e+00 -3.82248511e+00\n",
      "   6.82939627e+00  5.68759351e+00]\n",
      " [-1.09052911e+01  1.74305061e+00 -4.61079888e+00 -2.48634925e+00\n",
      "   5.68759351e+00  1.52620651e+01]]\n",
      "[0.14111428 0.28628674 0.13539633 0.13219679 0.1982587  0.10674716]\n",
      "[[ 43.89140762  -3.00700819  17.13678547  13.4373632   -9.77779936\n",
      "  -13.7148365 ]\n",
      " [ -3.00700819   0.90444158   0.61940355  -0.93600594   0.47802848\n",
      "    2.63794336]\n",
      " [ 17.13678547   0.61940355  33.65878239   4.08919158  -4.61350772\n",
      "   -1.89682402]\n",
      " [ 13.4373632   -0.93600594   4.08919158   7.78275923  -4.26358619\n",
      "   -3.46242002]\n",
      " [ -9.77779936   0.47802848  -4.61350772  -4.26358619   6.60370784\n",
      "    6.24341914]\n",
      " [-13.7148365    2.63794336  -1.89682402  -3.46242002   6.24341914\n",
      "   17.42273909]]\n",
      "[0.18818051 0.17739162 0.14583206 0.12470155 0.19452845 0.16936582]\n",
      "[[ 43.42636047  -3.3478329   16.91242578  14.30678313 -10.98512495\n",
      "  -16.11343857]\n",
      " [ -3.3478329    1.13852675   0.84744885  -1.39117635   0.77618227\n",
      "    3.47138448]\n",
      " [ 16.91242578   0.84744885  33.86888369   3.62261369  -4.23644057\n",
      "   -0.95214444]\n",
      " [ 14.30678313  -1.39117635   3.62261369   8.62337723  -4.677076\n",
      "   -4.828188  ]\n",
      " [-10.98512495   0.77618227  -4.23644057  -4.677076     6.36152008\n",
      "    6.35170524]\n",
      " [-16.11343857   3.47138448  -0.95214444  -4.828188     6.35170524\n",
      "   18.92905171]]\n",
      "[0.2150066  0.10449415 0.13948062 0.11495501 0.22431369 0.20174992]\n",
      "[[ 41.76304285  -2.45523674  20.17859603  13.82272431 -11.7771031\n",
      "  -15.71119893]\n",
      " [ -2.45523674   1.14546123   1.48895535  -1.06905382   1.02363493\n",
      "    3.86219378]\n",
      " [ 20.17859603   1.48895535  39.25202429   4.88038534  -3.55609012\n",
      "    1.24710924]\n",
      " [ 13.82272431  -1.06905382   4.88038534   8.49050885  -4.93034243\n",
      "   -4.63327573]\n",
      " [-11.7771031    1.02363493  -3.55609012  -4.93034243   6.04929874\n",
      "    6.32156453]\n",
      " [-15.71119893   3.86219378   1.24710924  -4.63327573   6.32156453\n",
      "   19.58917186]]\n",
      "[3.88372675e-10 9.99998867e-01 1.02623911e-07 1.02936169e-06\n",
      " 2.52834124e-10 1.32840766e-10]\n",
      "[[ 41.76859207  -2.68445879  19.69195746  13.57495577 -12.04939435\n",
      "  -16.28066406]\n",
      " [ -2.68445879   1.25541432   2.14398     -1.10162819   1.50641173\n",
      "    4.65050796]\n",
      " [ 19.69195746   2.14398     41.51869435   5.27375705  -2.0462106\n",
      "    3.94487614]\n",
      " [ 13.57495577  -1.10162819   5.27375705   8.28917316  -4.58268104\n",
      "   -4.14903128]\n",
      " [-12.04939435   1.50641173  -2.0462106   -4.58268104   7.02786733\n",
      "    8.1135073 ]\n",
      " [-16.28066406   4.65050796   3.94487614  -4.14903128   8.1135073\n",
      "   22.79906931]]\n",
      "[0.06109733 0.62287875 0.08905006 0.11673249 0.05848994 0.05175142]\n",
      "[[ 42.46648055  -2.40356158  22.87604107  14.39015486 -11.36820164\n",
      "  -15.42408042]\n",
      " [ -2.40356158   1.26846344   3.20917755  -0.79421861   1.74848214\n",
      "    4.78468728]\n",
      " [ 22.87604107   3.20917755  55.57776254   8.94826838   0.99223323\n",
      "    7.39736336]\n",
      " [ 14.39015486  -0.79421861   8.94826838   9.23711567  -3.79363105\n",
      "   -3.19205901]\n",
      " [-11.36820164   1.74848214   0.99223323  -3.79363105   7.68245633\n",
      "    8.88199158]\n",
      " [-15.42408042   4.78468728   7.39736336  -3.19205901   8.88199158\n",
      "   23.40699239]]\n",
      "[0.12103779 0.25326004 0.1319766  0.20641816 0.1830602  0.1042472 ]\n",
      "[[ 42.35284331  -2.53481111  24.28969502  14.29768558 -11.16342725\n",
      "  -15.64001086]\n",
      " [ -2.53481111   1.13253194   4.0274569   -0.91338232   1.90528845\n",
      "    4.53026923]\n",
      " [ 24.28969502   4.0274569   80.35231767  10.74158271   2.59028593\n",
      "   10.34470213]\n",
      " [ 14.29768558  -0.91338232  10.74158271   9.17163122  -3.56407732\n",
      "   -3.36380265]\n",
      " [-11.16342725   1.90528845   2.59028593  -3.56407732   7.71913317\n",
      "    9.29665504]\n",
      " [-15.64001086   4.53026923  10.34470213  -3.36380265   9.29665504\n",
      "   22.99829715]]\n",
      "[0.11470442 0.41023684 0.11893738 0.14092168 0.11936553 0.09583415]\n",
      "[[ 41.83071469  -2.82013047  23.63744794  14.1784905  -10.92251141\n",
      "  -16.31382328]\n",
      " [ -2.82013047   0.977649     3.82426743  -0.95919537   2.04871917\n",
      "    4.15166031]\n",
      " [ 23.63744794   3.82426743 102.31171426  13.46433533   4.64221686\n",
      "    7.95708688]\n",
      " [ 14.1784905   -0.95919537  13.46433533   9.50651404  -3.28829453\n",
      "   -3.7125493 ]\n",
      " [-10.92251141   2.04871917   4.64221686  -3.28829453   7.74259457\n",
      "    9.4887053 ]\n",
      " [-16.31382328   4.15166031   7.95708688  -3.7125493    9.4887053\n",
      "   22.23366784]]\n",
      "[0.16240088 0.20248955 0.13005711 0.19454357 0.1433244  0.16718449]\n",
      "[[ 38.7196675   -3.13503843  19.49993811  12.65941013  -9.82842246\n",
      "  -18.23015288]\n",
      " [ -3.13503843   0.96563658   2.78952521  -1.16934924   2.10387644\n",
      "    4.07150375]\n",
      " [ 19.49993811   2.78952521 115.90824756  13.19258016   7.82102807\n",
      "    1.87911881]\n",
      " [ 12.65941013  -1.16934924  13.19258016   8.92484695  -2.59625797\n",
      "   -4.97137957]\n",
      " [ -9.82842246   2.10387644   7.82102807  -2.59625797   7.51339739\n",
      "    9.84410586]\n",
      " [-18.23015288   4.07150375   1.87911881  -4.97137957   9.84410586\n",
      "   21.70545085]]\n",
      "[0.11277662 0.40952934 0.11583923 0.14576324 0.12302821 0.09306336]\n",
      "[[ 38.38847881  -3.45116905  19.77652788  12.24064678  -9.20816542\n",
      "  -19.71503793]\n",
      " [ -3.45116905   0.9733841    1.62267838  -1.5036583    2.11745648\n",
      "    3.96715329]\n",
      " [ 19.77652788   1.62267838 122.29222163  13.23989173   9.97735796\n",
      "   -2.95097767]\n",
      " [ 12.24064678  -1.5036583   13.23989173   8.40917746  -1.93425141\n",
      "   -6.57139584]\n",
      " [ -9.20816542   2.11745648   9.97735796  -1.93425141   7.43296043\n",
      "   10.17094242]\n",
      " [-19.71503793   3.96715329  -2.95097767  -6.57139584  10.17094242\n",
      "   20.61824009]]\n",
      "[0.10379622 0.45397444 0.11636615 0.1416929  0.082178   0.10199229]\n",
      "[[ 37.42769879  -3.18085457  21.04551719  12.07311861  -9.03029345\n",
      "  -17.44673434]\n",
      " [ -3.18085457   0.92541579   1.23013992  -1.60784758   1.98452093\n",
      "    3.6176942 ]\n",
      " [ 21.04551719   1.23013992 120.66105035  13.65249279   9.84723341\n",
      "   -6.31199387]\n",
      " [ 12.07311861  -1.60784758  13.65249279   9.19531929  -1.45660415\n",
      "   -7.73157953]\n",
      " [ -9.03029345   1.98452093   9.84723341  -1.45660415   7.6446857\n",
      "    8.89882676]\n",
      " [-17.44673434   3.6176942   -6.31199387  -7.73157953   8.89882676\n",
      "   18.23129631]]\n",
      "[0.09324028 0.47554686 0.0826638  0.07614568 0.23754477 0.03485861]\n",
      "[[ 32.68461631  -2.29026137  23.37410267  10.80139792  -7.04257281\n",
      "  -13.07175684]\n",
      " [ -2.29026137   0.85697114   0.73413598  -2.00633872   1.58024897\n",
      "    3.2493873 ]\n",
      " [ 23.37410267   0.73413598 119.55281604  14.65601242   8.88984595\n",
      "   -8.72949313]\n",
      " [ 10.80139792  -2.00633872  14.65601242  12.96577113  -0.72337176\n",
      "   -9.48219148]\n",
      " [ -7.04257281   1.58024897   8.88984595  -0.72337176   6.82143255\n",
      "    6.92294987]\n",
      " [-13.07175684   3.2493873   -8.72949313  -9.48219148   6.92294987\n",
      "   16.2748532 ]]\n",
      "[0.12913316 0.3698139  0.12407538 0.14391841 0.1178326  0.11522655]\n",
      "[[ 29.64885714  -1.47212454  24.24239907   8.98605918  -5.02910538\n",
      "   -9.34716072]\n",
      " [ -1.47212454   0.81373046   0.30939214  -2.74357135   0.93728916\n",
      "    3.02950063]\n",
      " [ 24.24239907   0.30939214 119.50971925  16.49505769   8.42191534\n",
      "  -10.63836905]\n",
      " [  8.98605918  -2.74357135  16.49505769  20.36679192   1.17489143\n",
      "  -12.67909795]\n",
      " [ -5.02910538   0.93728916   8.42191534   1.17489143   5.54279213\n",
      "    4.00889042]\n",
      " [ -9.34716072   3.02950063 -10.63836905 -12.67909795   4.00889042\n",
      "   15.17195047]]\n",
      "[0.11750107 0.46250863 0.09624675 0.08485958 0.18522356 0.05366041]\n",
      "[[ 26.95763429  -0.77727207  22.78420152   4.55806608  -4.02958485\n",
      "   -5.29142368]\n",
      " [ -0.77727207   0.74157435   0.30064141  -2.71531206   0.36889627\n",
      "    2.69486859]\n",
      " [ 22.78420152   0.30064141 120.10344317  18.10101251  10.07819436\n",
      "  -11.0002704 ]\n",
      " [  4.55806608  -2.71531206  18.10101251  24.67340926   6.04572722\n",
      "  -13.41377058]\n",
      " [ -4.02958485   0.36889627  10.07819436   6.04572722   6.06949061\n",
      "    0.44090003]\n",
      " [ -5.29142368   2.69486859 -11.0002704  -13.41377058   0.44090003\n",
      "   13.79364209]]\n",
      "[0.1110599  0.40583386 0.12226671 0.1613557  0.07208471 0.12739912]\n",
      "[[ 2.25097517e+01 -1.10417825e-01  2.82098882e+01  1.44644363e+00\n",
      "  -2.92597207e+00 -1.06232770e+00]\n",
      " [-1.10417825e-01  7.09182037e-01  2.96103866e-01 -2.94570126e+00\n",
      "  -4.59791450e-02  2.43297014e+00]\n",
      " [ 2.82098882e+01  2.96103866e-01  1.23166552e+02  1.35557502e+01\n",
      "   5.74682852e+00 -1.17049236e+01]\n",
      " [ 1.44644363e+00 -2.94570126e+00  1.35557502e+01  2.96825443e+01\n",
      "   9.38956681e+00 -1.42925799e+01]\n",
      " [-2.92597207e+00 -4.59791450e-02  5.74682852e+00  9.38956681e+00\n",
      "   6.71607698e+00 -1.98178679e+00]\n",
      " [-1.06232770e+00  2.43297014e+00 -1.17049236e+01 -1.42925799e+01\n",
      "  -1.98178679e+00  1.18217714e+01]]\n",
      "[0.12137661 0.43376    0.11615216 0.12709765 0.10731289 0.09430069]\n",
      "[[ 3.18869970e+01 -2.35715902e-01  3.89251150e+01 -5.08732092e+00\n",
      "  -7.84895532e+00 -9.38463408e-01]\n",
      " [-2.35715902e-01  6.93969955e-01 -3.37552165e-01 -2.76357293e+00\n",
      "  -4.47950475e-02  2.35730174e+00]\n",
      " [ 3.89251150e+01 -3.37552165e-01  1.21164180e+02  8.84400107e+00\n",
      "  -1.75485460e+00 -1.37131785e+01]\n",
      " [-5.08732092e+00 -2.76357293e+00  8.84400107e+00  3.37025770e+01\n",
      "   1.31824839e+01 -1.39632645e+01]\n",
      " [-7.84895532e+00 -4.47950475e-02 -1.75485460e+00  1.31824839e+01\n",
      "   9.05350053e+00 -2.32994336e+00]\n",
      " [-9.38463408e-01  2.35730174e+00 -1.37131785e+01 -1.39632645e+01\n",
      "  -2.32994336e+00  1.14990042e+01]]\n",
      "[0.05904961 0.69111676 0.07407009 0.09908044 0.03512626 0.04155684]\n",
      "[[ 3.59922045e+01 -3.33328990e-01  4.16654472e+01 -1.03553039e+01\n",
      "  -1.01617576e+01 -8.47697864e-01]\n",
      " [-3.33328990e-01  6.11805790e-01 -1.70469062e+00 -2.50688501e+00\n",
      "  -1.02742307e-01  2.36348470e+00]\n",
      " [ 4.16654472e+01 -1.70469062e+00  1.02928963e+02  7.35286562e+00\n",
      "  -5.03921055e+00 -1.35240465e+01]\n",
      " [-1.03553039e+01 -2.50688501e+00  7.35286562e+00  4.02582355e+01\n",
      "   1.63260660e+01 -1.40927145e+01]\n",
      " [-1.01617576e+01 -1.02742307e-01 -5.03921055e+00  1.63260660e+01\n",
      "   1.02055125e+01 -2.36992851e+00]\n",
      " [-8.47697864e-01  2.36348470e+00 -1.35240465e+01 -1.40927145e+01\n",
      "  -2.36992851e+00  1.15001875e+01]]\n",
      "[0.04862188 0.39843897 0.09384651 0.26052113 0.00828914 0.19028238]\n",
      "[[ 3.63565917e+01 -8.47093826e-01  3.74314433e+01 -1.43877723e+01\n",
      "  -1.19399691e+01 -1.16750049e+00]\n",
      " [-8.47093826e-01  6.62549483e-01 -2.57850317e+00 -2.24095159e+00\n",
      "   5.60746284e-02  2.58625842e+00]\n",
      " [ 3.74314433e+01 -2.57850317e+00  8.26022440e+01 -8.50088131e-01\n",
      "  -8.23441243e+00 -1.21256797e+01]\n",
      " [-1.43877723e+01 -2.24095159e+00 -8.50088131e-01  4.12807370e+01\n",
      "   1.71112241e+01 -1.23890146e+01]\n",
      " [-1.19399691e+01  5.60746284e-02 -8.23441243e+00  1.71112241e+01\n",
      "   1.06965846e+01 -1.60457186e+00]\n",
      " [-1.16750049e+00  2.58625842e+00 -1.21256797e+01 -1.23890146e+01\n",
      "  -1.60457186e+00  1.17036036e+01]]\n",
      "[0.12273699 0.4400356  0.11593723 0.12067756 0.11230613 0.0883065 ]\n",
      "[[ 38.34377221  -1.65089508  39.00776605 -19.0124446  -16.01899019\n",
      "   -3.18328532]\n",
      " [ -1.65089508   0.76256677  -3.57616404  -2.16116069   0.32747348\n",
      "    2.8809913 ]\n",
      " [ 39.00776605  -3.57616404  83.27679346  -7.38288877 -13.6749125\n",
      "  -14.55740204]\n",
      " [-19.0124446   -2.16116069  -7.38288877  37.79669717  15.63744898\n",
      "  -11.83961198]\n",
      " [-16.01899019   0.32747348 -13.6749125   15.63744898  10.62769699\n",
      "   -0.65507387]\n",
      " [ -3.18328532   2.8809913  -14.55740204 -11.83961198  -0.65507387\n",
      "   12.54428822]]\n",
      "[0.12360308 0.42345799 0.11960184 0.13376321 0.10035132 0.09922255]\n",
      "[[ 4.19686589e+01 -2.18299843e+00  4.43123748e+01 -1.97136516e+01\n",
      "  -1.72900792e+01 -4.19383110e+00]\n",
      " [-2.18299843e+00  8.40055915e-01 -4.33065371e+00 -2.02855790e+00\n",
      "   5.27588828e-01  3.01886673e+00]\n",
      " [ 4.43123748e+01 -4.33065371e+00  9.00950476e+01 -9.56780606e+00\n",
      "  -1.60634044e+01 -1.56275492e+01]\n",
      " [-1.97136516e+01 -2.02855790e+00 -9.56780606e+00  3.65105689e+01\n",
      "   1.52350112e+01 -1.11427081e+01]\n",
      " [-1.72900792e+01  5.27588828e-01 -1.60634044e+01  1.52350112e+01\n",
      "   1.07777815e+01 -7.20741635e-02]\n",
      " [-4.19383110e+00  3.01886673e+00 -1.56275492e+01 -1.11427081e+01\n",
      "  -7.20741635e-02  1.26491700e+01]]\n",
      "[0.12823879 0.44674739 0.10493537 0.08691746 0.17367331 0.05948769]\n",
      "[[ 47.10904366  -2.78750737  49.97940284 -20.06462493 -17.56781777\n",
      "   -6.82726329]\n",
      " [ -2.78750737   0.91094337  -4.97236713  -1.95904338   0.57549679\n",
      "    3.32219371]\n",
      " [ 49.97940284  -4.97236713  93.32667477 -13.39899087 -18.2290418\n",
      "  -17.75454802]\n",
      " [-20.06462493  -1.95904338 -13.39899087  32.60121605  13.13050094\n",
      "  -10.07644903]\n",
      " [-17.56781777   0.57549679 -18.2290418   13.13050094   9.64639149\n",
      "    0.54878087]\n",
      " [ -6.82726329   3.32219371 -17.75454802 -10.07644903   0.54878087\n",
      "   13.79850305]]\n",
      "[0.13935989 0.34200017 0.13189726 0.13926265 0.13206795 0.11541208]\n",
      "[[ 47.57860626  -3.16713449  56.39555515 -17.3122123  -15.96582785\n",
      "   -9.28651236]\n",
      " [ -3.16713449   0.9595163   -5.57435915  -2.00763224   0.54610642\n",
      "    3.54679949]\n",
      " [ 56.39555515  -5.57435915  99.61500915 -14.42251001 -18.80505834\n",
      "  -20.05597186]\n",
      " [-17.3122123   -2.00763224 -14.42251001  30.39571887  11.85618621\n",
      "   -9.63248004]\n",
      " [-15.96582785   0.54610642 -18.80505834  11.85618621   8.91013979\n",
      "    0.79960615]\n",
      " [ -9.28651236   3.54679949 -20.05597186  -9.63248004   0.79960615\n",
      "   14.63875602]]\n",
      "[0.13519127 0.36335847 0.12857835 0.12588099 0.14438753 0.10260339]\n",
      "[[ 52.65459651  -4.01443883  66.01828783 -16.90780486 -15.39568256\n",
      "  -11.41322218]\n",
      " [ -4.01443883   1.05219256  -7.16342626  -1.62119709   0.56022827\n",
      "    3.71146255]\n",
      " [ 66.01828783  -7.16342626 117.8510953  -13.81596648 -17.76276174\n",
      "  -24.02051837]\n",
      " [-16.90780486  -1.62119709 -13.81596648  26.20181824  10.88411029\n",
      "   -8.02991807]\n",
      " [-15.39568256   0.56022827 -17.76276174  10.88411029   8.72920179\n",
      "    0.98736421]\n",
      " [-11.41322218   3.71146255 -24.02051837  -8.02991807   0.98736421\n",
      "   14.78679982]]\n",
      "[2.73458418e-08 2.60121046e-03 6.72028118e-10 1.26664696e-14\n",
      " 9.97398762e-01 4.43107897e-16]\n",
      "[[ 53.43083683  -4.4508249   70.24285397 -15.94680021 -14.52633137\n",
      "  -12.02504192]\n",
      " [ -4.4508249    1.15320567  -8.43723408  -1.1216277    0.43347852\n",
      "    3.6615849 ]\n",
      " [ 70.24285397  -8.43723408 132.44052431 -16.52000362 -15.79346941\n",
      "  -24.34522267]\n",
      " [-15.94680021  -1.1216277  -16.52000362  19.89930399   9.3522037\n",
      "   -5.94970234]\n",
      " [-14.52633137   0.43347852 -15.79346941   9.3522037    8.79487875\n",
      "    1.28999542]\n",
      " [-12.02504192   3.6615849  -24.34522267  -5.94970234   1.28999542\n",
      "   14.19427242]]\n",
      "[0.14252083 0.28305173 0.14336998 0.15850493 0.13334662 0.13920589]\n",
      "[[ 46.37132285  -4.7926803   70.76025546 -13.08141319 -11.63068659\n",
      "  -13.22569125]\n",
      " [ -4.7926803    1.25844664  -9.2631372   -1.01280873   0.2284908\n",
      "    3.69569878]\n",
      " [ 70.76025546  -9.2631372  138.34807215 -16.52084984 -13.59379356\n",
      "  -24.90179245]\n",
      " [-13.08141319  -1.01280873 -16.52084984  18.74363002   8.26174091\n",
      "   -5.48504653]\n",
      " [-11.63068659   0.2284908  -13.59379356   8.26174091   8.58559157\n",
      "    1.52099137]\n",
      " [-13.22569125   3.69569878 -24.90179245  -5.48504653   1.52099137\n",
      "   14.0599511 ]]\n",
      "[0.13891783 0.31328372 0.13949519 0.14403568 0.14121155 0.12305603]\n",
      "[[ 4.53101533e+01 -5.12100054e+00  7.24824149e+01 -1.13273684e+01\n",
      "  -1.13037125e+01 -1.47442848e+01]\n",
      " [-5.12100054e+00  1.35048684e+00 -1.07346873e+01 -7.54935801e-01\n",
      "   3.68138764e-02  3.53639241e+00]\n",
      " [ 7.24824149e+01 -1.07346873e+01  1.56302669e+02 -1.64189973e+01\n",
      "  -1.10929233e+01 -2.56520030e+01]\n",
      " [-1.13273684e+01 -7.54935801e-01 -1.64189973e+01  1.62632810e+01\n",
      "   8.15204764e+00 -3.43171656e+00]\n",
      " [-1.13037125e+01  3.68138764e-02 -1.10929233e+01  8.15204764e+00\n",
      "   8.92774854e+00  1.51923707e+00]\n",
      " [-1.47442848e+01  3.53639241e+00 -2.56520030e+01 -3.43171656e+00\n",
      "   1.51923707e+00  1.23848148e+01]]\n",
      "[0.13074366 0.36080578 0.13312233 0.1304069  0.14023352 0.10468782]\n",
      "[[ 3.92706893e+01 -5.34315112e+00  6.53054258e+01 -9.30815788e+00\n",
      "  -1.08002476e+01 -1.62334070e+01]\n",
      " [-5.34315112e+00  1.45872280e+00 -1.23858690e+01 -6.19386160e-01\n",
      "  -1.41378186e-01  3.46830022e+00]\n",
      " [ 6.53054258e+01 -1.23858690e+01  1.64304595e+02 -1.47496859e+01\n",
      "  -8.15048826e+00 -2.72628983e+01]\n",
      " [-9.30815788e+00 -6.19386160e-01 -1.47496859e+01  1.56204421e+01\n",
      "   7.88017271e+00 -2.94085966e+00]\n",
      " [-1.08002476e+01 -1.41378186e-01 -8.15048826e+00  7.88017271e+00\n",
      "   9.21819087e+00  1.66587873e+00]\n",
      " [-1.62334070e+01  3.46830022e+00 -2.72628983e+01 -2.94085966e+00\n",
      "   1.66587873e+00  1.20191726e+01]]\n",
      "[0.16214206 0.18505978 0.14665698 0.18376669 0.12913186 0.19324263]\n",
      "[[ 35.43987347  -5.03771882  54.9646171   -6.41680078  -9.75820081\n",
      "  -16.52482904]\n",
      " [ -5.03771882   1.49952131 -12.59356935  -0.89825306  -0.36884639\n",
      "    3.50122242]\n",
      " [ 54.9646171  -12.59356935 152.74354864  -6.17901481  -3.05012845\n",
      "  -28.20302611]\n",
      " [ -6.41680078  -0.89825306  -6.17901481  13.47401734   7.20079998\n",
      "   -2.72809235]\n",
      " [ -9.75820081  -0.36884639  -3.05012845   7.20079998   9.25471992\n",
      "    1.72368234]\n",
      " [-16.52482904   3.50122242 -28.20302611  -2.72809235   1.72368234\n",
      "   11.9984435 ]]\n",
      "[0.15008946 0.26119884 0.14398622 0.14817639 0.14531834 0.15123074]\n",
      "[[ 33.26759285  -4.38636466  43.83279586  -4.65307001  -8.59790761\n",
      "  -15.59358069]\n",
      " [ -4.38636466   1.54692882 -12.03310547  -1.22987737  -0.48770274\n",
      "    3.38003769]\n",
      " [ 43.83279586 -12.03310547 127.48044365   0.60232572   0.27469189\n",
      "  -25.23940757]\n",
      " [ -4.65307001  -1.22987737   0.60232572  12.20226287   6.4448554\n",
      "   -3.35576892]\n",
      " [ -8.59790761  -0.48770274   0.27469189   6.4448554    8.8511302\n",
      "    1.37542279]\n",
      " [-15.59358069   3.38003769 -25.23940757  -3.35576892   1.37542279\n",
      "   11.70213703]]\n",
      "[0.14011238 0.29563646 0.14434968 0.15445808 0.13427538 0.13116801]\n",
      "[[ 28.03761976  -3.5700704   30.44042144  -1.79913143  -6.9188711\n",
      "  -13.49843254]\n",
      " [ -3.5700704    1.55783231 -10.45662343  -1.79021451  -0.71833745\n",
      "    3.08403685]\n",
      " [ 30.44042144 -10.45662343  95.09531189   8.33720897   4.4574406\n",
      "  -19.98956514]\n",
      " [ -1.79913143  -1.79021451   8.33720897  10.74034255   5.50251544\n",
      "   -4.524828  ]\n",
      " [ -6.9188711   -0.71833745   4.4574406    5.50251544   8.31923231\n",
      "    0.70984064]\n",
      " [-13.49843254   3.08403685 -19.98956514  -4.524828     0.70984064\n",
      "   10.86976486]]\n",
      "[0.09901794 0.481488   0.12230376 0.08899366 0.14260047 0.06559616]\n",
      "[[ 1.92739161e+01 -2.10567231e+00  1.43875663e+01  1.26282320e+00\n",
      "  -4.65482254e+00 -1.11134771e+01]\n",
      " [-2.10567231e+00  1.40607637e+00 -8.10263294e+00 -2.15355413e+00\n",
      "  -1.12969637e+00  2.77090595e+00]\n",
      " [ 1.43875663e+01 -8.10263294e+00  6.68510413e+01  1.34218810e+01\n",
      "   8.72134561e+00 -1.59226664e+01]\n",
      " [ 1.26282320e+00 -2.15355413e+00  1.34218810e+01  9.90717731e+00\n",
      "   4.65875557e+00 -5.22185163e+00]\n",
      " [-4.65482254e+00 -1.12969637e+00  8.72134561e+00  4.65875557e+00\n",
      "   7.74607531e+00  6.33460077e-02]\n",
      " [-1.11134771e+01  2.77090595e+00 -1.59226664e+01 -5.22185163e+00\n",
      "   6.33460077e-02  1.02991753e+01]]\n",
      "[0.04556805 0.6170294  0.13905597 0.09527232 0.03071299 0.07236127]\n",
      "[[ 16.01345546  -1.45344005   8.91572622   2.78222086  -3.9458387\n",
      "   -9.22500614]\n",
      " [ -1.45344005   1.31057644  -7.16623123  -2.43924588  -1.33411099\n",
      "    2.33085719]\n",
      " [  8.91572622  -7.16623123  58.38357027  15.88923237  10.19429516\n",
      "  -12.47167293]\n",
      " [  2.78222086  -2.43924588  15.88923237   9.2086535    4.29569997\n",
      "   -6.13439268]\n",
      " [ -3.9458387   -1.33411099  10.19429516   4.29569997   7.70390836\n",
      "   -0.23586108]\n",
      " [ -9.22500614   2.33085719 -12.47167293  -6.13439268  -0.23586108\n",
      "    9.31624586]]\n",
      "[0.16163986 0.20942786 0.15001866 0.1599364  0.13923823 0.17973898]\n",
      "[[14.10300281 -0.73503974  4.85319388  2.22514501 -3.08485864 -7.50172239]\n",
      " [-0.73503974  1.07549644 -5.65921101 -2.38474098 -1.57623141  1.88291995]\n",
      " [ 4.85319388 -5.65921101 49.7568418  14.79585087 11.97709146 -8.92492886]\n",
      " [ 2.22514501 -2.38474098 14.79585087  9.73116045  4.1859339  -6.51618948]\n",
      " [-3.08485864 -1.57623141 11.97709146  4.1859339   7.50596937 -0.54665303]\n",
      " [-7.50172239  1.88291995 -8.92492886 -6.51618948 -0.54665303  8.90345689]]\n",
      "[0.14826427 0.27654393 0.14682809 0.14426962 0.14212326 0.14197084]\n",
      "[[12.0540271   0.08805792 -0.27189472  0.6667742  -2.87189762 -5.62354249]\n",
      " [ 0.08805792  0.74609311 -3.53272256 -1.76687318 -1.65748964  1.14276391]\n",
      " [-0.27189472 -3.53272256 40.61761562 10.4548541  12.74307878 -3.44780262]\n",
      " [ 0.6667742  -1.76687318 10.4548541   8.59926449  4.3198153  -5.18153399]\n",
      " [-2.87189762 -1.65748964 12.74307878  4.3198153   7.49862635 -0.6924602 ]\n",
      " [-5.62354249  1.14276391 -3.44780262 -5.18153399 -0.6924602   7.34683783]]\n",
      "[0.20319405 0.04258576 0.08255376 0.20205265 0.21388856 0.25572522]\n",
      "[[11.41009973  0.55418359 -3.91621719 -0.27657289 -3.68306138 -4.20642781]\n",
      " [ 0.55418359  0.54320299 -1.85760978 -1.40481512 -1.30645912  0.5936382 ]\n",
      " [-3.91621719 -1.85760978 26.88505021  7.41228099  9.84263585  1.16028186]\n",
      " [-0.27657289 -1.40481512  7.41228099  7.98231179  3.6946271  -4.24225165]\n",
      " [-3.68306138 -1.30645912  9.84263585  3.6946271   6.89134227  0.25589939]\n",
      " [-4.20642781  0.5936382   1.16028186 -4.24225165  0.25589939  5.91727963]]\n",
      "[0.11951517 0.37106993 0.13289611 0.12816446 0.13858995 0.10976438]\n",
      "[[11.21579409  0.86647197 -4.68359587 -0.94278762 -4.17719892 -3.85227158]\n",
      " [ 0.86647197  0.32470085 -1.41760634 -0.98094299 -0.93668427  0.25921295]\n",
      " [-4.68359587 -1.41760634 26.07513345  6.59191884  9.07912958  1.9017713 ]\n",
      " [-0.94278762 -0.98094299  6.59191884  7.1745212   2.96906711 -3.56382429]\n",
      " [-4.17719892 -0.93668427  9.07912958  2.96906711  6.27024874  0.80497608]\n",
      " [-3.85227158  0.25921295  1.9017713  -3.56382429  0.80497608  5.46625529]]\n",
      "[0.11877404 0.36498964 0.12832046 0.12992581 0.14495244 0.11303763]\n",
      "[[ 9.204213    0.46290165 -4.25390492  0.56828347 -1.89259777 -4.01661992]\n",
      " [ 0.46290165  0.24806705 -1.24530766 -0.75326681 -0.53437774  0.23123058]\n",
      " [-4.25390492 -1.24530766 27.69437454  4.76902994  7.47740503  2.0360454 ]\n",
      " [ 0.56828347 -0.75326681  4.76902994  7.35462094  2.22933563 -3.52731177]\n",
      " [-1.89259777 -0.53437774  7.47740503  2.22933563  4.40049316  0.92708168]\n",
      " [-4.01661992  0.23123058  2.0360454  -3.52731177  0.92708168  5.45857543]]\n",
      "[0.12228679 0.34234624 0.12850963 0.13032821 0.15985448 0.11667464]\n",
      "[[ 8.91366751  0.33653659 -2.64599313  1.4330055  -1.3452971  -4.18980532]\n",
      " [ 0.33653659  0.19515851 -0.5790029  -0.3072959  -0.28150582  0.14602784]\n",
      " [-2.64599313 -0.5790029  19.32752056 -1.14153407  4.20969372  3.15354348]\n",
      " [ 1.4330055  -0.3072959  -1.14153407  7.16260466  1.10612863 -3.34859321]\n",
      " [-1.3452971  -0.28150582  4.20969372  1.10612863  3.47690975  1.18181739]\n",
      " [-4.18980532  0.14602784  3.15354348 -3.34859321  1.18181739  5.40295113]]\n",
      "[0.12259732 0.36021043 0.12919853 0.12069291 0.15534687 0.11195394]\n",
      "[[ 9.92775091  0.41596646 -2.38038558  4.34243754 -1.25601538 -4.47010163]\n",
      " [ 0.41596646  0.19024686 -0.31802118 -0.01594451 -0.20653799  0.16984147]\n",
      " [-2.38038558 -0.31802118 14.2156868  -1.74864267  2.76664593  2.09275852]\n",
      " [ 4.34243754 -0.01594451 -1.74864267 15.14805678  0.97478727 -4.41367532]\n",
      " [-1.25601538 -0.20653799  2.76664593  0.97478727  3.06974282  0.87769562]\n",
      " [-4.47010163  0.16984147  2.09275852 -4.41367532  0.87769562  5.29227238]]\n",
      "[0.10028292 0.43663554 0.11910215 0.11086472 0.14655303 0.08656163]\n",
      "[[ 8.97820855  0.4010459  -1.66524861  2.87898867 -0.57763185 -3.48104063]\n",
      " [ 0.4010459   0.19128316 -0.30871004 -0.1354957  -0.2053677   0.21759502]\n",
      " [-1.66524861 -0.30871004 13.680009   -0.50011194  2.27011246  1.29903415]\n",
      " [ 2.87898867 -0.1354957  -0.50011194 20.22911595  2.74135604 -5.33687826]\n",
      " [-0.57763185 -0.2053677   2.27011246  2.74135604  2.65594688 -0.06946666]\n",
      " [-3.48104063  0.21759502  1.29903415 -5.33687826 -0.06946666  5.07858224]]\n",
      "[0.10293302 0.42762732 0.1214367  0.11272109 0.14203112 0.09325074]\n",
      "[[ 9.91767032e+00  3.55198616e-01  5.55731560e-01 -9.84627999e-01\n",
