{
 "cells": [
  {
   "cell_type": "code",
   "execution_count": 99,
   "metadata": {},
   "outputs": [
    {
     "data": {
      "text/plain": [
       "'  \\noptimize markowitz to lowest risk\\n'"
      ]
     },
     "execution_count": 99,
     "metadata": {},
     "output_type": "execute_result"
    }
   ],
   "source": [
    "import numpy as np\n",
    "import pandas as pd\n",
    "import scipy\n",
    "from scipy.optimize import minimize\n",
    "import matplotlib.pyplot as plt\n",
    "from sklearn.model_selection import train_test_split\n",
    "import os\n",
    "\n",
    "'''  \n",
    "optimize markowitz to lowest risk\n",
    "'''"
   ]
  },
  {
   "cell_type": "code",
   "execution_count": 100,
   "metadata": {},
   "outputs": [],
   "source": [
    "# read in data \n",
    "data = pd.read_csv('case2data.csv', index_col = 0)\n",
    "train, test = train_test_split(data, test_size = 0.2, shuffle = False)"
   ]
  },
  {
   "cell_type": "code",
   "execution_count": 146,
   "metadata": {},
   "outputs": [],
   "source": [
    "def func(x, cov):\n",
    "    return np.dot(np.dot(x, cov), x)\n",
    "\n",
    "def rescale(input):\n",
    "    #temp = input / np.sum(input)\n",
    "    #temp[temp > 1] = 1\n",
    "    #temp[temp < -1] = 0\n",
    "    \n",
    "    temp = np.exp(input) / np.sum(np.exp(input))\n",
    "    \n",
    "    return temp"
   ]
  },
  {
   "cell_type": "code",
   "execution_count": 150,
   "metadata": {},
   "outputs": [],
   "source": [
    "# uniform weights\n",
    "def calculateWeights(running_price_paths, running_weights_paths):\n",
    "    cov1 = np.cov(running_price_paths[-21:].T)\n",
    "    w = running_weights_paths[len(running_weights_paths) - 1]\n",
    "    \n",
    "    weights = minimize(func, w, cov1)\n",
    "    ret = weights.x / (np.sum(weights.x))\n",
    "    \n",
    "    print(rescale(ret))\n",
    "\n",
    "    return rescale(ret)"
   ]
  },
  {
   "cell_type": "code",
   "execution_count": 148,
   "metadata": {},
   "outputs": [],
   "source": [
    "## given grading scheme\n",
    "class Allocator():\n",
    "    def __init__(self, train_data):\n",
    "        '''\n",
    "        Anything data you want to store between days must be stored in a class field\n",
    "        '''\n",
    "        self.running_price_paths = train_data.copy()\n",
    "        self.train_data = train_data.copy()\n",
    "        self.running_weights_paths = [[1/6, 1/6, 1/6, 1/6, 1/6, 1/6]]\n",
    "        \n",
    "        # Do any preprocessing here -- do not touch running_price_paths, it will store the price path up to that data\n",
    "        \n",
    "        \n",
    "    def allocate_portfolio(self, asset_prices):\n",
    "        '''\n",
    "        asset_prices: np array of length 6, prices of the 6 assets on a particular day\n",
    "        weights: np array of length 6, portfolio allocation for the next day\n",
    "        '''\n",
    "        ### edit: used np.append to make this work\n",
    "        self.running_price_paths.loc[len(self.running_price_paths.index)] = asset_prices\n",
    "        #self.running_price_paths. = np.append(self.running_price_paths, asset_prices)\n",
    "        #print(self.running_price_paths)\n",
    "    \n",
    "        ### TODO Implement your code here\n",
    "        weights = calculateWeights(self.running_price_paths, self.running_weights_paths)\n",
    "        self.running_weights_paths.append(weights)\n",
    "        \n",
    "        return weights\n",
    "    \n",
    "    \n",
    "def grading(train_data, test_data): \n",
    "    '''\n",
    "    Grading Script\n",
    "    '''\n",
    "    weights = np.full(shape=(len(test_data.index),6), fill_value=0.0)\n",
    "    alloc = Allocator(train_data)\n",
    "    for i in range(0,len(test_data)):\n",
    "        weights[i,:] = alloc.allocate_portfolio(test_data.iloc[i,:])\n",
    "        if np.sum(weights < -1) or np.sum(weights > 1):\n",
    "            raise Exception(\"Weights Outside of Bounds\")\n",
    "    \n",
    "    capital = [1]\n",
    "    for i in range(len(test_data) - 1):\n",
    "        shares = capital[-1] * weights[i] / np.array(test_data.iloc[i,:])\n",
    "        balance = capital[-1] - np.dot(shares, np.array(test_data.iloc[i,:]))\n",
    "        net_change = np.dot(shares, np.array(test_data.iloc[i+1,:]))\n",
    "        capital.append(balance + net_change)\n",
    "    capital = np.array(capital)\n",
    "    returns = (capital[1:] - capital[:-1]) / capital[:-1]\n",
    "    \n",
    "    if np.std(returns) != 0:\n",
    "        sharpe = np.mean(returns) / np.std(returns)\n",
    "    else:\n",
    "        sharpe = 0\n",
    "        \n",
    "    return sharpe, capital, weights"
   ]
  },
  {
   "cell_type": "code",
   "execution_count": 149,
   "metadata": {},
   "outputs": [
    {
     "name": "stdout",
     "output_type": "stream",
     "text": [
      "[0.12411028 0.30829967 0.14173363 0.16060205 0.12959468 0.13565969]\n",
      "[0.14321774 0.3238811  0.14484701 0.10550394 0.15113921 0.13141101]\n",
      "[0.13729285 0.30492852 0.14135531 0.13243368 0.14629599 0.13769365]\n",
      "[0.14401528 0.27291934 0.14362282 0.12738484 0.14610673 0.16595099]\n",
      "[0.16390359 0.1948292  0.14411303 0.14216573 0.2004592  0.15452926]\n",
      "[0.15682281 0.21224912 0.145205   0.14405303 0.19652508 0.14514496]\n",
      "[0.12802464 0.39308822 0.12194418 0.12254693 0.11414592 0.12025011]\n",
      "[0.16400769 0.06768418 0.17369587 0.10740574 0.26949959 0.21770694]\n",
      "[0.14527596 0.36355778 0.12060295 0.12147256 0.10346615 0.14562459]\n",
      "[0.1275182  0.34039165 0.0890824  0.11858298 0.02034032 0.30408444]\n",
      "[0.13894007 0.14312745 0.14109206 0.20340104 0.22713594 0.14630343]\n",
      "[0.12646682 0.36165682 0.11911313 0.15694809 0.09083366 0.14498148]\n",
      "[0.12698764 0.36444473 0.11896653 0.14362884 0.13795001 0.10802225]\n",
      "[0.06970719 0.16960797 0.10753283 0.27842129 0.01975436 0.35497637]\n",
      "[0.1197794  0.32048003 0.1269826  0.17887904 0.12149027 0.13238866]\n",
      "[0.12173456 0.3741215  0.11770856 0.16363693 0.09078265 0.1320158 ]\n",
      "[0.08983193 0.3265833  0.12057518 0.18565465 0.02539549 0.25195944]\n",
      "[0.13039568 0.42402854 0.11297076 0.10059154 0.15878484 0.07322864]\n",
      "[0.11505206 0.44489139 0.12047155 0.13231327 0.07737276 0.10989898]\n",
      "[0.10672144 0.43993039 0.10659995 0.15558911 0.11336343 0.0777957 ]\n",
      "[0.12588938 0.41662522 0.12282418 0.12604493 0.10961509 0.0990012 ]\n",
      "[0.02796797 0.71108941 0.05160274 0.12336953 0.00209609 0.08387426]\n",
      "[0.11626759 0.40991266 0.12600004 0.13743681 0.10209187 0.10829104]\n",
      "[0.12289309 0.41659076 0.12180494 0.13142753 0.10691169 0.10037199]\n",
      "[0.13010073 0.39803511 0.12385871 0.13418728 0.11628462 0.09753356]\n",
      "[0.04194762 0.02747979 0.0549823  0.26744185 0.0043725  0.60377594]\n",
      "[0.17137384 0.19008867 0.14395869 0.15936403 0.16728666 0.16792811]\n",
      "[0.13481106 0.38667635 0.12355787 0.12983298 0.12576142 0.09936032]\n",
      "[0.13139522 0.40869369 0.11934594 0.12678271 0.12064586 0.09313659]\n",
      "[0.10419117 0.53145106 0.09466111 0.11664548 0.0914543  0.06159688]\n",
      "[0.00818243 0.95821703 0.00924331 0.01722465 0.0050671  0.00206548]\n",
      "[0.06730822 0.68918786 0.06770086 0.08582228 0.05452151 0.03545926]\n",
      "[0.12631825 0.40110164 0.12413323 0.12758671 0.12322569 0.09763447]\n",
      "[1.23761018e-02 1.20677737e-06 6.64912002e-04 4.60670061e-02\n",
      " 9.46042459e-03 9.31430349e-01]\n",
      "[0.13561774 0.27923154 0.13855196 0.1500481  0.14556543 0.15098523]\n",
      "[0.12307311 0.39841878 0.14015891 0.10701142 0.12608882 0.10524897]\n",
      "[0.13426485 0.30868053 0.13728555 0.14064708 0.13576614 0.14335584]\n",
      "[0.12241046 0.44212895 0.12735802 0.08309131 0.12377118 0.10124008]\n",
      "[0.11889795 0.40427395 0.12833181 0.10717375 0.12493117 0.11639137]\n",
      "[0.15389043 0.25096531 0.14037651 0.15565194 0.11763561 0.18148021]\n",
      "[0.13981462 0.31306076 0.13650487 0.13797831 0.11336204 0.15927941]\n",
      "[0.12510526 0.40304309 0.1269375  0.11823286 0.10402604 0.12265526]\n",
      "[0.11169409 0.50168532 0.11504099 0.11764243 0.0763254  0.07761177]\n",
      "[0.13001962 0.15438249 0.13106029 0.163057   0.20403823 0.21744237]\n",
      "[0.11729832 0.18023205 0.14430472 0.17769857 0.09742784 0.28303851]\n",
      "[0.13120329 0.34762996 0.12097772 0.14645871 0.15228778 0.10144253]\n",
      "[0.16175458 0.25125224 0.14631808 0.17644097 0.14099214 0.12324199]\n",
      "[0.141783   0.26812764 0.14305824 0.15281824 0.19265809 0.10155477]\n",
      "[0.10543601 0.47344697 0.10739054 0.1109616  0.13594486 0.06682003]\n",
      "[0.12493581 0.41680145 0.11654931 0.11034404 0.15554085 0.07582854]\n",
      "[0.12650295 0.40186582 0.11998516 0.11131552 0.1637451  0.07658546]\n",
      "[0.12252861 0.23446128 0.16738998 0.13129851 0.16880643 0.17551519]\n",
      "[0.15839439 0.24758234 0.15232825 0.14236459 0.18918048 0.11014994]\n",
      "[0.13165523 0.35264801 0.13401053 0.12436921 0.17767784 0.07963918]\n",
      "[0.15238187 0.22092005 0.15538059 0.13814057 0.20857959 0.12459734]\n",
      "[0.14620994 0.22400726 0.15018078 0.13675523 0.23293667 0.10991013]\n",
      "[1.66082743e-01 1.15662806e-04 4.32430930e-02 1.87919995e-03\n",
      " 5.22247307e-01 2.66431995e-01]\n",
      "[0.11799231 0.18699788 0.15902013 0.17186593 0.10420837 0.25991539]\n",
      "[0.12186597 0.36710942 0.13263101 0.13623911 0.13130091 0.11085358]\n",
      "[0.10835465 0.66002952 0.07773344 0.05587956 0.04884246 0.04916037]\n",
      "[0.11999721 0.4963374  0.10413702 0.10630118 0.08536195 0.08786524]\n",
      "[0.11043308 0.5520619  0.093358   0.09417556 0.08837402 0.06159744]\n",
      "[0.11353086 0.18456011 0.07220137 0.25554594 0.07479868 0.29936304]\n",
      "[0.115973   0.46577498 0.09828621 0.13095694 0.08593377 0.1030751 ]\n",
      "[0.12230262 0.4148597  0.13569319 0.10905055 0.13355027 0.08454369]\n",
      "[0.12514393 0.38228165 0.13051442 0.12587119 0.12737802 0.10881079]\n",
      "[0.1140315  0.41185569 0.13070647 0.12037787 0.12121904 0.10180944]\n",
      "[0.1224852  0.33854845 0.12308164 0.14704223 0.11310884 0.15573364]\n",
      "[0.07929973 0.21246447 0.08736819 0.14626338 0.01749402 0.4571102 ]\n",
      "[0.1179412  0.37278755 0.1238243  0.13811717 0.13955692 0.10777285]\n",
      "[0.09825481 0.39425492 0.10650275 0.13419821 0.05677386 0.21001544]\n",
      "[0.11868269 0.29566573 0.11717987 0.12090702 0.29902876 0.04853594]\n",
      "[0.11761859 0.35722993 0.12836095 0.13514502 0.18273017 0.07891533]\n",
      "[0.09709563 0.37894762 0.11110509 0.13574992 0.06700711 0.21009463]\n",
      "[0.12244575 0.35474821 0.12906635 0.13897248 0.12209815 0.13266906]\n",
      "[0.1715828  0.27626263 0.14281293 0.12130146 0.0990878  0.18895237]\n",
      "[0.14786341 0.27213455 0.14857532 0.13822809 0.13422403 0.15897459]\n",
      "[0.10823892 0.46340321 0.11365847 0.12705836 0.1130878  0.07455323]\n",
      "[0.13426625 0.37944502 0.1368317  0.11847856 0.12204763 0.10893084]\n",
      "[0.13272067 0.34461234 0.13452301 0.14408203 0.12040312 0.12365883]\n",
      "[0.1477204  0.28525335 0.14874342 0.13009447 0.1400114  0.14817695]\n",
      "[0.1288687  0.3281438  0.12345867 0.18958891 0.08724338 0.14269654]\n",
      "[0.11700799 0.44982777 0.14369794 0.08316664 0.11253577 0.09376389]\n",
      "[0.13641569 0.36181907 0.14084253 0.12379721 0.12891528 0.10821022]\n",
      "[0.14135468 0.35606111 0.13988199 0.13334501 0.11006267 0.11929454]\n",
      "[0.13666195 0.34727926 0.13942717 0.13721421 0.10880627 0.13061114]\n",
      "[0.14073809 0.34406185 0.14038754 0.13663133 0.10974256 0.12843863]\n",
      "[0.13823076 0.33956297 0.1419584  0.13806484 0.10975948 0.13242354]\n",
      "[0.13240485 0.34159081 0.13876807 0.13694165 0.12048633 0.12980829]\n",
      "[0.12622496 0.37740289 0.13529949 0.13775643 0.12910034 0.09421588]\n",
      "[0.12705852 0.35816569 0.13643339 0.13811633 0.13107532 0.10915074]\n",
      "[0.13708462 0.30227831 0.13969588 0.13426055 0.13284676 0.15383387]\n",
      "[0.13004856 0.33909227 0.13532847 0.13943072 0.13068801 0.12541196]\n",
      "[0.13851931 0.29502778 0.14162686 0.12763507 0.13870425 0.15848673]\n",
      "[0.12976132 0.27051649 0.12699605 0.18989123 0.13601089 0.14682403]\n",
      "[0.14017245 0.32814807 0.1399192  0.11289299 0.14512018 0.13374712]\n",
      "[0.13042058 0.3480857  0.13325582 0.13387951 0.12630025 0.12805814]\n",
      "[0.11969019 0.43802796 0.11712264 0.11999727 0.10244851 0.10271343]\n",
      "[0.12086563 0.39890488 0.12282662 0.12749622 0.11341653 0.11649011]\n",
      "[0.11860648 0.36962048 0.12642552 0.13814278 0.12001057 0.12719418]\n",
      "[0.03741336 0.00134189 0.06991478 0.06529388 0.52693276 0.29910333]\n",
      "[0.083804   0.62605395 0.08364201 0.09253974 0.06283411 0.05112618]\n",
      "[0.10333203 0.52562194 0.10461716 0.10763578 0.08584886 0.07294422]\n",
      "[0.0148261  0.95107612 0.0095935  0.01774579 0.00344356 0.00331493]\n",
      "[0.12799477 0.36600684 0.12513785 0.14395892 0.12275016 0.11415146]\n",
      "[0.14349096 0.26674009 0.13066143 0.16497488 0.14616909 0.14796355]\n",
      "[0.13548975 0.31573539 0.13153702 0.14930528 0.13466617 0.13326638]\n",
      "[0.15164662 0.21783485 0.13270653 0.16471605 0.15637432 0.17672162]\n",
      "[0.10572536 0.59715191 0.04622143 0.08684228 0.04529152 0.11876751]\n",
      "[0.13151776 0.23882633 0.18163806 0.16020879 0.18279188 0.10501718]\n",
      "[0.09613114 0.53489536 0.09685236 0.10819709 0.08173058 0.08219347]\n",
      "[0.08418843 0.58907971 0.08854649 0.09800733 0.06968876 0.07048928]\n",
      "[0.11069886 0.45077793 0.12067312 0.12171989 0.09865585 0.09747436]\n",
      "[0.0367238  0.00222419 0.12837737 0.00677691 0.73927335 0.08662438]\n",
      "[0.11471451 0.39559862 0.13567845 0.13170603 0.10965704 0.11264534]\n",
      "[0.09393298 0.43634561 0.15140348 0.10992711 0.13130982 0.07708101]\n",
      "[0.10023853 0.42704826 0.13501346 0.12071462 0.12543725 0.09154788]\n",
      "[0.04281018 0.53813993 0.17580218 0.15336838 0.05121111 0.03866822]\n",
      "[0.18082846 0.42484277 0.0874742  0.07576694 0.12016738 0.11092024]\n",
      "[0.22319857 0.14098132 0.12196393 0.12065589 0.10584861 0.28735167]\n",
      "[0.1230389  0.37063842 0.12611044 0.1296688  0.1286101  0.12193334]\n",
      "[0.15079453 0.33177392 0.11868797 0.12416369 0.14740909 0.12717081]\n",
      "[0.11067362 0.33606947 0.12591579 0.15135694 0.18467046 0.09131372]\n",
      "[0.13662208 0.32392461 0.11792848 0.12322621 0.1534286  0.14487002]\n",
      "[0.05706582 0.72738656 0.04736024 0.04111863 0.00821413 0.11885462]\n",
      "[0.08008815 0.34892553 0.12232607 0.15174034 0.07106007 0.22585984]\n",
      "[0.10597144 0.19621921 0.18038081 0.15427729 0.2988516  0.06429965]\n",
      "[0.09391117 0.41039022 0.10708059 0.1377322  0.097864   0.15302182]\n",
      "[0.13371904 0.31577278 0.15211676 0.13456918 0.14790133 0.11592093]\n",
      "[0.11987499 0.43009349 0.1264892  0.1084333  0.11074146 0.10436756]\n",
      "[0.13822715 0.37401826 0.1308257  0.11748984 0.12568563 0.11375342]\n",
      "[0.13628661 0.37557157 0.11906948 0.12800291 0.11247073 0.12859871]\n",
      "[0.12460731 0.42657082 0.10571495 0.12794396 0.09363517 0.1215278 ]\n",
      "[0.14553187 0.33769656 0.13025361 0.12654939 0.13055608 0.12941248]\n",
      "[0.14240543 0.30004065 0.13563705 0.14091151 0.13610481 0.14490054]\n",
      "[0.10653857 0.4322491  0.10882165 0.1329938  0.068376   0.15102088]\n",
      "[0.16958285 0.42457852 0.10426871 0.0847369  0.11548559 0.10134744]\n",
      "[0.15622976 0.4296538  0.10573731 0.09423534 0.09285209 0.12129171]\n",
      "[0.2204616  0.38898144 0.11100684 0.06250464 0.12629663 0.09074885]\n",
      "[0.15798781 0.48629334 0.11440347 0.06825939 0.08603757 0.08701842]\n",
      "[0.07471965 0.54152    0.15883516 0.07721205 0.04112901 0.10658413]\n",
      "[0.040115   0.7061028  0.09689811 0.07735244 0.03020776 0.0493239 ]\n",
      "[0.17209335 0.25261259 0.13924657 0.11629841 0.14373121 0.17601788]\n",
      "[0.29079608 0.0134371  0.03605183 0.04113444 0.54293113 0.0756494 ]\n",
      "[0.14304642 0.29964767 0.14328635 0.13589691 0.12941383 0.14870882]\n",
      "[0.12719433 0.41192865 0.11982189 0.12056384 0.11543442 0.10505687]\n",
      "[0.13351243 0.29903525 0.14832368 0.13351921 0.10900553 0.1766039 ]\n",
      "[0.15553234 0.11239056 0.16828364 0.10350744 0.10191227 0.35837375]\n",
      "[0.07926051 0.53334447 0.06612407 0.08842187 0.00468149 0.22816759]\n",
      "[0.09550012 0.39372712 0.12241177 0.14868896 0.14384145 0.09583057]\n",
      "[0.11883473 0.42095596 0.1144874  0.13172385 0.09729458 0.11670348]\n",
      "[0.18694106 0.30619017 0.0731926  0.07302947 0.01044697 0.35019973]\n",
      "[0.09009341 0.36802657 0.11201446 0.15790069 0.17180112 0.10016376]\n",
      "[0.11112311 0.34941095 0.08335063 0.17403931 0.15502573 0.12705026]\n",
      "[0.17697262 0.33701327 0.0670628  0.14923232 0.12186004 0.14785895]\n",
      "[0.24927651 0.26084009 0.0640753  0.14101761 0.12649577 0.15829472]\n",
      "[1.15049623e-05 4.99141747e-11 2.22080088e-04 9.15116077e-02\n",
      " 4.70727652e-02 8.61182042e-01]\n",
      "[0.0357731  0.8835817  0.02131925 0.02884822 0.01738203 0.0130957 ]\n",
      "[0.1523035  0.58235714 0.07829631 0.06476554 0.07459808 0.04767944]\n",
      "[3.58003313e-05 9.99826140e-01 1.11713577e-04 1.37970010e-05\n",
      " 1.18487806e-05 7.00262061e-07]\n",
      "[0.10761875 0.6253341  0.11723157 0.03415617 0.09561908 0.02004033]\n",
      "[0.13880674 0.53310823 0.07765805 0.08854302 0.12143138 0.04045258]\n",
      "[0.40775983 0.0089618  0.04831381 0.02354135 0.42255941 0.0888638 ]\n",
      "[0.05242751 0.59698069 0.07991015 0.13650496 0.03261557 0.10156112]\n",
      "[0.14936545 0.23777419 0.17220875 0.13974892 0.16864948 0.13225321]\n",
      "[0.10693279 0.35716284 0.15064114 0.1464489  0.14710421 0.09171012]\n",
      "[5.20013495e-04 9.89239966e-01 4.14308584e-03 4.48243523e-03\n",
      " 9.78690744e-04 6.35809060e-04]\n",
      "[0.19103394 0.21316946 0.12443485 0.13274311 0.18577311 0.15284553]\n",
      "[0.13192125 0.36619432 0.13893183 0.12127923 0.11588454 0.12578882]\n",
      "[0.0954473  0.4868537  0.12446656 0.11576179 0.09222647 0.08524417]\n",
      "[0.13711294 0.48873859 0.12067606 0.08651939 0.06610044 0.10085258]\n",
      "[0.14361023 0.36995655 0.10971125 0.14246517 0.13406648 0.10019033]\n",
      "[0.13507304 0.27198582 0.10042495 0.19368489 0.20355526 0.09527604]\n",
      "[0.15150332 0.31164751 0.12846456 0.13956467 0.15502617 0.11379377]\n",
      "[0.13558801 0.37983393 0.08382932 0.15189203 0.1772487  0.07160802]\n",
      "[0.11962407 0.51404441 0.06287595 0.10888937 0.14127567 0.05329053]\n",
      "[0.08262844 0.67321378 0.03634745 0.06795899 0.11044378 0.02940756]\n",
      "[0.0876574  0.64289693 0.0411776  0.07473074 0.11879207 0.03474525]\n",
      "[6.91051593e-03 2.20552794e-04 8.54741863e-01 1.30776864e-02\n",
      " 7.25885117e-02 5.24608702e-02]\n",
      "[0.13029902 0.27276465 0.17628025 0.12790569 0.16893645 0.12381393]\n",
      "[0.13096778 0.33102993 0.14771916 0.12583348 0.14346218 0.12098746]\n",
      "[0.13435096 0.35278142 0.14163674 0.12611588 0.11791062 0.1272044 ]\n",
      "[0.11106369 0.4250865  0.11254292 0.10695262 0.15112032 0.09323395]\n",
      "[0.15010735 0.32867974 0.14646483 0.12789502 0.0978762  0.14897685]\n",
      "[0.17720319 0.21612169 0.09267394 0.23412542 0.01266194 0.26721382]\n",
      "[0.01124753 0.04221876 0.00276321 0.34979568 0.57137069 0.02260414]\n",
      "[0.14102566 0.31197321 0.12728007 0.14597752 0.12394323 0.14980031]\n",
      "[0.13424888 0.32264059 0.12244456 0.14936331 0.12357182 0.14773083]\n",
      "[0.12951975 0.34033307 0.12186431 0.15199986 0.12142432 0.13485869]\n",
      "[0.1356838  0.33447203 0.12456671 0.14367066 0.10652564 0.15508117]\n",
      "[0.13556851 0.34394064 0.12663818 0.13585313 0.0862975  0.17170203]\n",
      "[0.14471625 0.28976961 0.13723609 0.14518515 0.11759678 0.16549611]\n",
      "[0.12420383 0.34280808 0.12750159 0.15460078 0.15824148 0.09264423]\n",
      "[0.02259637 0.76200551 0.04303745 0.07218021 0.01821947 0.08196099]\n",
      "[0.1140783  0.36245326 0.11375148 0.16484248 0.11383989 0.1310346 ]\n",
      "[0.18826472 0.07400671 0.0876965  0.01175678 0.63486558 0.00340971]\n",
      "[0.03806162 0.47672917 0.06135393 0.20242247 0.02436247 0.19707035]\n",
      "[2.89769431e-04 7.96354973e-01 1.02925186e-03 6.63622391e-02\n",
      " 4.21925773e-05 1.35921574e-01]\n",
      "[0.04196708 0.91573861 0.0011801  0.01206911 0.01968576 0.00935935]\n",
      "[0.1041145  0.39039853 0.1068513  0.13824316 0.09505076 0.16534175]\n",
      "[0.08291982 0.33137849 0.17015668 0.13372937 0.081956   0.19985964]\n",
      "[0.12773094 0.30799949 0.14630838 0.15103559 0.1314447  0.1354809 ]\n",
      "[0.12025028 0.30837204 0.15763701 0.14337831 0.11520531 0.15515705]\n",
      "[0.10102975 0.39165582 0.13644562 0.13105872 0.11067052 0.12913957]\n",
      "[0.3034783  0.03967599 0.24761037 0.02229494 0.02431699 0.36262341]\n",
      "[0.13395635 0.25409652 0.14413785 0.16119805 0.15753906 0.14907218]\n",
      "[0.02282335 0.57298649 0.03253278 0.07101211 0.29755061 0.00309466]\n",
      "[0.10743177 0.61942749 0.21569342 0.00946338 0.01728193 0.03070202]\n",
      "[0.13939221 0.39004353 0.11281322 0.12418025 0.10597905 0.12759173]\n",
      "[0.14675132 0.469894   0.15722016 0.06173618 0.07859222 0.08580612]\n",
      "[0.15247169 0.43114817 0.1433652  0.07957793 0.09280414 0.10063286]\n",
      "[0.16330444 0.39719317 0.13632867 0.08276484 0.10539242 0.11501645]\n",
      "[0.15322948 0.43670448 0.13556088 0.07892312 0.09349627 0.10208578]\n",
      "[0.13138973 0.64140449 0.110576   0.02323631 0.04342988 0.04996359]\n",
      "[0.1269585  0.55206308 0.14723517 0.04810331 0.06326837 0.06237158]\n",
      "[0.08149199 0.70272736 0.11269328 0.02002074 0.04171834 0.04134829]\n",
      "[0.0644717  0.52170037 0.22639728 0.07933922 0.07362185 0.03446958]\n",
      "[0.09398008 0.53105005 0.14083844 0.07983902 0.09125509 0.06303732]\n",
      "[0.10116914 0.48527553 0.14420562 0.0961864  0.10338136 0.06978194]\n",
      "[0.12119431 0.41247608 0.1192079  0.12672943 0.12159718 0.0987951 ]\n",
      "[0.13670395 0.33708797 0.1406417  0.12521863 0.12944674 0.130901  ]\n",
      "[0.12803782 0.36392455 0.14223383 0.12175746 0.12403656 0.12000977]\n",
      "[0.13817885 0.31019237 0.15235435 0.12822714 0.14017287 0.13087443]\n",
      "[0.13259549 0.34578144 0.1789565  0.1096206  0.13296553 0.10008043]\n",
      "[0.12252233 0.36814423 0.15944227 0.11375568 0.12934248 0.106793  ]\n",
      "[0.13496064 0.3229192  0.14329034 0.13350299 0.13186292 0.13346391]\n",
      "[0.13736845 0.36283241 0.14079805 0.11186145 0.12637018 0.12076946]\n",
      "[0.11874947 0.36345283 0.12725705 0.13896999 0.12333057 0.12824011]\n",
      "[0.12895965 0.31155386 0.13708419 0.15365893 0.13529174 0.13345163]\n",
      "[0.13475748 0.33309728 0.12530714 0.14014244 0.1353102  0.13138546]\n",
      "[0.12991107 0.34288602 0.13426859 0.13510688 0.12740374 0.1304237 ]\n",
      "[3.39138163e-02 2.07389276e-02 1.20540989e-06 3.08574811e-02\n",
      " 9.11971167e-01 2.51740265e-03]\n",
      "[0.14076676 0.32112213 0.14594807 0.12576517 0.12757347 0.1388244 ]\n",
      "[0.14028391 0.32796661 0.14458848 0.12496171 0.12673764 0.13546165]\n",
      "[0.14157686 0.32299193 0.14264136 0.12585568 0.13291585 0.13401832]\n",
      "[0.15820797 0.32184681 0.13396782 0.11766616 0.13666232 0.13164893]\n",
      "[0.12629452 0.24577813 0.18302963 0.14925176 0.14441396 0.151232  ]\n",
      "[0.11690266 0.22081887 0.19482485 0.15639734 0.12778345 0.18327283]\n",
      "[0.12614162 0.30114252 0.15539142 0.14916691 0.14155828 0.12659925]\n",
      "[0.12834733 0.31265047 0.15210919 0.13800203 0.1207642  0.14812679]\n",
      "[0.11757959 0.31445393 0.11567776 0.207585   0.16575496 0.07894876]\n",
      "[0.11576899 0.2955244  0.14147324 0.16751214 0.10456613 0.1751551 ]\n",
      "[0.11775749 0.29598443 0.14200075 0.16903883 0.10928427 0.16593424]\n",
      "[0.12480792 0.33607444 0.14666346 0.1425131  0.13235412 0.11758697]\n",
      "[0.12048674 0.36862003 0.14705565 0.12842364 0.13475182 0.10066212]\n",
      "[0.13002722 0.33011459 0.1487271  0.13210026 0.12982304 0.12920779]\n",
      "[0.12734835 0.34408713 0.13993758 0.13583413 0.1332537  0.11953911]\n",
      "[0.15616309 0.31012474 0.15738346 0.11411296 0.1628464  0.09936935]\n",
      "[0.1256328  0.32159032 0.14369829 0.13908748 0.12676766 0.14322346]\n",
      "[0.13863084 0.1644951  0.26290556 0.11566501 0.1839604  0.13434309]\n",
      "[2.25714144e-05 5.05322415e-06 8.59863661e-01 6.53211291e-02\n",
      " 4.23088074e-02 3.24787781e-02]\n",
      "[0.11272394 0.28759879 0.17067971 0.14707282 0.13122649 0.15069826]\n",
      "[0.1018316  0.28169413 0.1686266  0.16664975 0.13055074 0.15064719]\n",
      "[0.32088759 0.47727693 0.06467522 0.02129489 0.07633186 0.03953351]\n",
      "[0.10724947 0.30586458 0.13737123 0.17989988 0.12164742 0.14796742]\n",
      "[0.27191419 0.45411856 0.08392931 0.03093397 0.08282931 0.07627465]\n",
      "[0.14380706 0.51643529 0.06723772 0.08107427 0.08810845 0.10333721]\n",
      "[1.02897577e-01 8.90875034e-01 2.59798568e-04 1.71332613e-04\n",
      " 1.70951940e-03 4.08673815e-03]\n",
      "[0.23392657 0.26452575 0.1033816  0.10247173 0.13939902 0.15629532]\n",
      "[0.33903211 0.2740075  0.06432523 0.05384673 0.112638   0.15615043]\n",
      "[0.24234544 0.30541583 0.09337026 0.0853493  0.12391156 0.14960761]\n",
      "[0.39990805 0.21663459 0.06193139 0.04383606 0.11494946 0.16274045]\n",
      "[0.17058347 0.345897   0.11682502 0.11318196 0.12008811 0.13342444]\n",
      "[0.30497969 0.20251819 0.09499697 0.07934678 0.14300066 0.17515771]\n",
      "[0.15378888 0.35900277 0.11361385 0.13069453 0.10712438 0.13577559]\n",
      "[0.13435809 0.41713298 0.10713796 0.12308203 0.09873699 0.11955195]\n",
      "[0.07618697 0.62027302 0.0720604  0.10715732 0.04913917 0.07518312]\n",
      "[0.13789072 0.35814101 0.13053036 0.12532678 0.12389659 0.12421454]\n",
      "[0.13148805 0.34089694 0.14346855 0.12684229 0.13183368 0.1254705 ]\n",
      "[0.12496765 0.33187763 0.15329507 0.12572114 0.13765761 0.1264809 ]\n",
      "[0.1229078  0.32039706 0.14342868 0.1394915  0.13458292 0.13919203]\n",
      "[0.12569387 0.34196956 0.14802575 0.12230661 0.12722271 0.1347815 ]\n",
      "[0.12743783 0.34173294 0.11150572 0.17196886 0.11438027 0.13297438]\n",
      "[0.12635021 0.27149577 0.14723675 0.18310658 0.14925081 0.12255989]\n",
      "[0.11144377 0.33460653 0.09727471 0.20498199 0.11950414 0.13218885]\n",
      "[0.10679987 0.31533208 0.10155291 0.21929786 0.12892598 0.1280913 ]\n",
      "[0.13417661 0.19203606 0.37694723 0.07586103 0.15369238 0.06728669]\n",
      "[0.14864523 0.25220331 0.23183285 0.10582008 0.13260005 0.12889848]\n",
      "[0.0995347  0.26263314 0.10553363 0.23981317 0.15257657 0.13990878]\n",
      "[7.06730080e-03 1.65145172e-01 8.22228520e-01 7.12128316e-05\n",
      " 5.30169164e-03 1.86103059e-04]\n",
      "[0.20461845 0.15036859 0.31420316 0.06764713 0.1158616  0.14730108]\n",
      "[0.11485864 0.35566684 0.13134338 0.14578913 0.13122786 0.12111415]\n",
      "[0.11543332 0.32554298 0.13647495 0.15775506 0.13943697 0.12535673]\n",
      "[0.12624875 0.33740411 0.15107782 0.13428295 0.13710398 0.1138824 ]\n",
      "[0.12008189 0.33051818 0.16420392 0.12880285 0.128962   0.12743116]\n",
      "[0.15351554 0.33884085 0.2331427  0.06431604 0.08414105 0.12604382]\n",
      "[0.12337662 0.31925039 0.12557061 0.16921579 0.15602645 0.10656014]\n",
      "[0.12456469 0.3392154  0.14409466 0.14036062 0.13592484 0.11583979]\n",
      "[0.13575174 0.32823537 0.16562814 0.12560632 0.12516117 0.11961726]\n",
      "[0.14537073 0.35723407 0.12708726 0.12542335 0.12644451 0.11844008]\n",
      "[0.12941353 0.33629206 0.18007297 0.11371587 0.12230342 0.11820215]\n",
      "[0.16495369 0.30777849 0.12912654 0.13047308 0.12954486 0.13812334]\n",
      "[0.16932597 0.3127179  0.12533334 0.12558113 0.13131004 0.13573163]\n",
      "[0.15393146 0.35049472 0.12638635 0.11889168 0.12752242 0.12277337]\n",
      "[0.16295716 0.24804227 0.08072274 0.22014633 0.11787055 0.17026095]\n",
      "[0.19267113 0.24629745 0.12439664 0.14165093 0.13680845 0.15817541]\n",
      "[0.16596822 0.27845809 0.12706052 0.14772828 0.12965425 0.15113063]\n",
      "[0.1256477  0.3160229  0.14474905 0.1442076  0.13561952 0.13375323]\n",
      "[0.17120213 0.26599949 0.13259677 0.13546475 0.14117254 0.15356431]\n",
      "[0.15811016 0.29624982 0.13110452 0.14033792 0.13180595 0.14239163]\n",
      "[0.15472905 0.29675599 0.13349014 0.14689804 0.12738726 0.14073952]\n",
      "[0.27965648 0.1016657  0.10565113 0.09943157 0.23437847 0.17921665]\n",
      "[0.14237476 0.31177999 0.13480992 0.15470981 0.11787241 0.13845311]\n",
      "[0.14227615 0.31854931 0.13381177 0.1517665  0.11737911 0.13621715]\n",
      "[0.15739902 0.32867064 0.09173747 0.18918755 0.12055281 0.1124525 ]\n",
      "[0.14909829 0.34332118 0.12359936 0.1323219  0.12541675 0.12624252]\n",
      "[0.16546472 0.34821352 0.09336351 0.15734728 0.12861061 0.10700037]\n",
      "[0.13583212 0.30192752 0.12894207 0.1627869  0.12922402 0.14128738]\n",
      "[0.13483031 0.29281802 0.12194996 0.16964676 0.12363247 0.15712248]\n",
      "[0.12909455 0.27818443 0.1338214  0.17532258 0.12938322 0.15419381]\n",
      "[0.1312934  0.30705427 0.11546357 0.17105822 0.12142549 0.15370504]\n",
      "[0.12955725 0.30064814 0.10987906 0.18247196 0.12718574 0.15025785]\n",
      "[0.1372154  0.31907579 0.11501028 0.15849716 0.12116951 0.14903187]\n",
      "[0.14561031 0.31219155 0.15796894 0.12786264 0.1309531  0.12541347]\n",
      "[0.19441804 0.12231111 0.52619603 0.0040541  0.09338329 0.05963743]\n",
      "[0.13477964 0.32644737 0.14827404 0.13613656 0.13055559 0.12380681]\n",
      "[0.14974686 0.31019584 0.16255624 0.11568163 0.13344152 0.12837792]\n",
      "[0.15115937 0.31031819 0.16595143 0.11377576 0.13221923 0.12657602]\n",
      "[0.17935481 0.24240576 0.25183082 0.07569624 0.11947404 0.13123833]\n",
      "[0.13164776 0.32282945 0.1407925  0.15208419 0.13039191 0.1222542 ]\n",
      "[0.15573882 0.17776762 0.14896816 0.19686969 0.15091053 0.16974517]\n",
      "[0.12798685 0.32939509 0.14801221 0.14822725 0.12367363 0.12270496]\n",
      "[0.12891412 0.31855829 0.14301559 0.15563858 0.13013592 0.1237375 ]\n",
      "[0.12891506 0.30334501 0.14703317 0.15914314 0.1365412  0.12502243]\n",
      "[0.13123875 0.4507457  0.11479873 0.10425163 0.08357275 0.11539244]\n",
      "[0.10197087 0.38682467 0.16430384 0.13659217 0.11733589 0.09297256]\n",
      "[0.10128402 0.35501603 0.17303259 0.14981471 0.12842708 0.09242558]\n",
      "[0.18837745 0.26563028 0.10063621 0.13845968 0.11822268 0.18867369]\n",
      "[0.11751018 0.37556395 0.15009017 0.12460761 0.12100019 0.11122789]\n",
      "[0.10968232 0.34738622 0.16773317 0.13454576 0.11896117 0.12169136]\n",
      "[0.15809576 0.43082725 0.10442573 0.09049979 0.12748949 0.08866197]\n",
      "[0.17205315 0.50585507 0.06670292 0.06804752 0.12266382 0.06467752]\n",
      "[0.21619508 0.52377785 0.01656696 0.07814511 0.12243805 0.04287694]\n",
      "[6.71167762e-01 3.02881053e-01 5.62197505e-08 9.18342685e-06\n",
      " 2.59031986e-02 3.87466294e-05]\n",
      "[0.14770304 0.39092586 0.08911352 0.12550464 0.13686297 0.10988997]\n",
      "[0.11858597 0.44924774 0.10928194 0.10438067 0.11566761 0.10283607]\n",
      "[0.10999272 0.43451805 0.10987922 0.12199835 0.1158715  0.10774016]\n",
      "[0.24869242 0.21710217 0.13296917 0.08508356 0.15783632 0.15831637]\n",
      "[0.19804616 0.39417389 0.10317606 0.0685684  0.10668041 0.12935508]\n",
      "[0.17306335 0.39797689 0.1110638  0.08737278 0.11001359 0.12050959]\n",
      "[0.17122856 0.3677922  0.10951631 0.09906489 0.12127655 0.1311215 ]\n",
      "[0.18150554 0.24711188 0.16905971 0.09403005 0.14979731 0.15849551]\n",
      "[0.03324108 0.51879713 0.00925401 0.3695548  0.02238765 0.04676533]\n",
      "[0.1536759  0.27731903 0.18726999 0.09573651 0.14555106 0.14044751]\n",
      "[5.93600616e-04 9.65567734e-01 4.30301455e-06 3.34778678e-02\n",
      " 3.40036132e-04 1.64582975e-05]\n",
      "[1.01840590e-02 9.13300953e-01 3.90026566e-04 6.99585163e-02\n",
      " 4.61836963e-03 1.54807524e-03]\n",
      "[0.12951828 0.34581606 0.14482137 0.12515692 0.13920848 0.11547888]\n",
      "[0.12661892 0.30495145 0.1806253  0.11346097 0.14664167 0.12770169]\n",
      "[0.13544507 0.23615468 0.2070397  0.08724411 0.12494526 0.20917119]\n",
      "[0.13821846 0.2861045  0.17535453 0.11909881 0.13823276 0.14299094]\n",
      "[0.13284422 0.31746247 0.18518543 0.11000163 0.14034495 0.11416131]\n",
      "[0.13733516 0.29725637 0.18146245 0.11614092 0.15644473 0.11136036]\n",
      "[0.14512313 0.18761964 0.18636558 0.16834366 0.17281113 0.13973688]\n",
      "[0.15212207 0.30857287 0.14715245 0.11543153 0.1543308  0.12239028]\n",
      "[0.11039193 0.72644892 0.00599514 0.01838718 0.0876647  0.05111213]\n",
      "[0.12019876 0.72947522 0.00342516 0.00902983 0.07241264 0.06545839]\n",
      "[0.17391741 0.30906902 0.11362275 0.06079668 0.09888016 0.24371399]\n",
      "[0.17795549 0.14464054 0.15503197 0.09851669 0.27264532 0.15120999]\n",
      "[0.1706154  0.19930461 0.19429265 0.14408918 0.12776728 0.16393088]\n",
      "[0.17785431 0.13822729 0.25073665 0.16003894 0.10040606 0.17273675]\n",
      "[0.11207348 0.50004427 0.07555362 0.09660633 0.11102713 0.10469517]\n",
      "[0.03036571 0.8582873  0.00934471 0.03549848 0.04409763 0.02240618]\n",
      "[0.16911235 0.16923353 0.17433075 0.15587971 0.13946061 0.19198305]\n",
      "[0.17324318 0.16544449 0.15493965 0.16340494 0.13913372 0.20383401]\n",
      "[0.17010692 0.17213145 0.15883016 0.16163587 0.13800343 0.19929217]\n",
      "[0.12799862 0.41549068 0.09568084 0.12201704 0.11110471 0.1277081 ]\n",
      "[0.18352406 0.15584207 0.13620762 0.1585796  0.12656011 0.23928654]\n",
      "[0.13428031 0.29932991 0.14270715 0.1490806  0.12810741 0.14649463]\n",
      "[0.17430313 0.13951624 0.14554713 0.20959523 0.20647496 0.1245633 ]\n",
      "[0.13107898 0.35592412 0.12698568 0.13393492 0.11647018 0.13560613]\n",
      "[0.132202   0.28324111 0.14448391 0.15157001 0.12682355 0.16167941]\n",
      "[0.12879505 0.54018254 0.06915763 0.08604014 0.09761    0.07821464]\n",
      "[0.13793758 0.37553562 0.12030754 0.12503209 0.12073036 0.1204568 ]\n",
      "[0.14548626 0.32734544 0.1448242  0.12021556 0.12415642 0.13797212]\n",
      "[0.14434735 0.33743275 0.13843131 0.12294191 0.12298232 0.13386436]\n",
      "[0.13840151 0.36176444 0.13130063 0.12421779 0.12134087 0.12297477]\n",
      "[0.14961405 0.32144706 0.13256027 0.12881699 0.12023987 0.14732177]\n",
      "[0.18052285 0.22099109 0.14134123 0.14033133 0.11808916 0.19872433]\n",
      "[0.1583373  0.28394196 0.13845032 0.13246711 0.12268549 0.16411782]\n",
      "[0.17313021 0.26534756 0.12414802 0.13975035 0.11570362 0.18192023]\n",
      "[0.12014782 0.45516155 0.08603652 0.11486851 0.10363472 0.12015088]\n",
      "[1.57973551e-07 2.71999713e-08 9.99995703e-01 8.20059220e-07\n",
      " 1.50525405e-06 1.78658410e-06]\n",
      "[0.10748971 0.46606007 0.08773612 0.11951877 0.10405156 0.11514377]\n",
      "[0.12589073 0.3504757  0.11935086 0.14775092 0.1263606  0.13017118]\n",
      "[0.1363551  0.38375329 0.08611    0.1468427  0.12622301 0.1207159 ]\n",
      "[0.07294347 0.83429667 0.00376464 0.02183809 0.02547653 0.04168061]\n",
      "[0.1253161  0.26781539 0.15225342 0.17934303 0.14386679 0.13140527]\n",
      "[0.1280542  0.32057424 0.12266925 0.1625205  0.1365732  0.12960861]\n",
      "[0.09895326 0.649511   0.03250929 0.05937959 0.08680716 0.07283971]\n",
      "[0.07147857 0.0475226  0.44913761 0.20439113 0.11318161 0.11428849]\n",
      "[0.10340468 0.08419626 0.32384657 0.20637371 0.13329338 0.14888539]\n",
      "[0.13540371 0.32264175 0.14137628 0.14292766 0.13048167 0.12716893]\n",
      "[0.10774723 0.33480821 0.17385388 0.13853356 0.14357771 0.1014794 ]\n",
      "[0.12594605 0.29546639 0.16834693 0.14750159 0.1420929  0.12064614]\n",
      "[0.13634258 0.29783241 0.15148675 0.1486171  0.13727252 0.12844864]\n",
      "[0.13415847 0.30248941 0.15211909 0.14775765 0.13388473 0.12959066]\n",
      "[0.12576519 0.27368285 0.19129799 0.13910963 0.13418875 0.13595558]\n",
      "[0.13989257 0.32196788 0.13030452 0.14763007 0.13394998 0.12625499]\n",
      "[0.12436082 0.37021022 0.14197197 0.12895059 0.11553409 0.11897232]\n",
      "[0.13629436 0.33532705 0.13465415 0.1425712  0.12778444 0.1233688 ]\n",
      "[0.11031277 0.46273621 0.13388842 0.09190655 0.10132906 0.09982699]\n",
      "[6.02883342e-04 2.94675565e-06 8.26365946e-05 9.88999237e-01\n",
      " 6.61915771e-03 3.69313844e-03]\n",
      "[0.14363853 0.11795096 0.09148766 0.30959623 0.17711988 0.16020673]\n",
      "[0.12117018 0.41088147 0.13260332 0.10491595 0.10715905 0.12327002]\n",
      "[0.02177373 0.81055235 0.04965456 0.05402632 0.02516159 0.03883145]\n",
      "[0.16210413 0.0764089  0.09885848 0.29682307 0.20939081 0.15641461]\n",
      "[0.13753514 0.55480713 0.18766263 0.00649819 0.05334924 0.06014767]\n",
      "[0.15550791 0.47460212 0.19232349 0.01694496 0.07535022 0.08527129]\n",
      "[0.1637665  0.33790361 0.1728703  0.07419011 0.11836501 0.13290447]\n",
      "[0.14211039 0.30262389 0.20617984 0.08331792 0.13697711 0.12879085]\n",
      "[0.08024582 0.1984024  0.36050087 0.08120726 0.12225999 0.15738367]\n",
      "[0.11996887 0.26747835 0.28813117 0.07473382 0.11745857 0.13222922]\n",
      "[0.1210217  0.26746461 0.23009096 0.10455389 0.13310941 0.14375942]\n",
      "[0.13789232 0.30049775 0.1797426  0.1181252  0.13238092 0.1313612 ]\n",
      "[0.11881232 0.36979512 0.09185551 0.17133996 0.12673944 0.12145765]\n",
      "[0.1066715  0.47842117 0.10749082 0.11268972 0.09640893 0.09831785]\n",
      "[0.13056968 0.35598555 0.179427   0.10415212 0.10899395 0.12087172]\n",
      "[0.09149616 0.52887469 0.06708924 0.13417669 0.08493433 0.09342888]\n",
      "[0.10535048 0.45302074 0.15264392 0.09620004 0.08742649 0.10535833]\n",
      "[0.09806692 0.60710249 0.07778114 0.03888864 0.05512715 0.12303365]\n",
      "[0.13925102 0.32308643 0.1547541  0.12438722 0.1117187  0.14680254]\n",
      "[0.13603758 0.31446118 0.19627524 0.10863382 0.09424197 0.1503502 ]\n",
      "[0.13655659 0.35014485 0.13521603 0.1313438  0.10655857 0.14018015]\n",
      "[0.12356984 0.36698654 0.18223117 0.10398503 0.10392811 0.11929931]\n",
      "[0.12625455 0.36337486 0.17414954 0.10856213 0.10809768 0.11956124]\n",
      "[0.12646071 0.35760873 0.15718412 0.11938188 0.12159298 0.11777159]\n",
      "[0.12361687 0.32915057 0.15622086 0.12657799 0.13643678 0.12799692]\n",
      "[0.12798825 0.36170797 0.16815599 0.11298394 0.1153271  0.11383676]\n",
      "[0.11568287 0.39818593 0.15924864 0.1167797  0.10298302 0.10711984]\n",
      "[0.08484903 0.54746638 0.13337066 0.07628524 0.07067339 0.08735531]\n",
      "[0.1102477  0.32590078 0.13573382 0.16455394 0.13538343 0.12818033]\n",
      "[0.10472228 0.64680524 0.05783649 0.05881248 0.07226493 0.05955859]\n",
      "[0.10756622 0.27608566 0.17318177 0.17640039 0.12473011 0.14203585]\n",
      "[0.12643261 0.38067973 0.12604981 0.1301069  0.11348662 0.12324433]\n",
      "[0.12590504 0.37094628 0.13300417 0.12560265 0.11467577 0.12986609]\n",
      "[0.12580904 0.35999257 0.13456064 0.13320055 0.11780894 0.12862826]\n",
