{
 "cells": [
  {
   "cell_type": "code",
   "execution_count": 1,
   "metadata": {},
   "outputs": [
    {
     "data": {
      "text/plain": [
       "'  \\nrisk parity allocation\\n'"
      ]
     },
     "execution_count": 1,
     "metadata": {},
     "output_type": "execute_result"
    }
   ],
   "source": [
    "import numpy as np\n",
    "import pandas as pd\n",
    "import scipy\n",
    "from scipy.optimize import minimize\n",
    "import matplotlib.pyplot as plt\n",
    "from sklearn.model_selection import train_test_split\n",
    "import os\n",
    "\n",
    "'''  \n",
    "risk parity allocation\n",
    "'''\n"
   ]
  },
  {
   "cell_type": "code",
   "execution_count": 2,
   "metadata": {},
   "outputs": [],
   "source": [
    "# read in data \n",
    "data = pd.read_csv('case2data.csv', index_col = 0)\n",
    "train, test = train_test_split(data, test_size = 0.2, shuffle = False)"
   ]
  },
  {
   "cell_type": "code",
   "execution_count": 3,
   "metadata": {},
   "outputs": [],
   "source": [
    "def func(x, cov):\n",
    "    return np.dot(np.dot(x, cov), x)\n",
    "\n",
    "def rescale(input):\n",
    "    #make sum to 1 and each value within range\n",
    "    #temp = input / np.sum(input)\n",
    "    #temp[temp > 1] = 1\n",
    "    #temp[temp < -1] = 0\n",
    "    \n",
    "    # softmax\n",
    "    temp = np.exp(input) / np.sum(np.exp(input))\n",
    "    \n",
    "    return temp"
   ]
  },
  {
   "cell_type": "code",
   "execution_count": null,
   "metadata": {},
   "outputs": [],
   "source": [
    "def risk(weightts, cov):\n",
    "    \n",
    "    '''\n",
    "    \n",
    "    '''"
   ]
  },
  {
   "cell_type": "code",
   "execution_count": 4,
   "metadata": {},
   "outputs": [],
   "source": [
    "# uniform weights\n",
    "def calculateWeights(running_price_paths, running_weights_paths):\n",
    "    cov1 = np.cov(running_price_paths[-21:].T)\n",
    "    w = running_weights_paths[len(running_weights_paths) - 1]\n",
    "    \n",
    "    weights = minimize(func, w, cov1)\n",
    "    ret = weights.x / (np.sum(weights.x))\n",
    "\n",
    "    return rescale(ret)"
   ]
  },
  {
   "cell_type": "code",
   "execution_count": 5,
   "metadata": {},
   "outputs": [],
   "source": [
    "## given grading scheme\n",
    "class Allocator():\n",
    "    def __init__(self, train_data):\n",
    "        '''\n",
    "        Anything data you want to store between days must be stored in a class field\n",
    "        '''\n",
    "        self.running_price_paths = train_data.copy()\n",
    "        self.train_data = train_data.copy()\n",
    "        self.running_weights_paths = [[1/6, 1/6, 1/6, 1/6, 1/6, 1/6]]\n",
    "        \n",
    "        # Do any preprocessing here -- do not touch running_price_paths, it will store the price path up to that data\n",
    "        \n",
    "        \n",
    "    def allocate_portfolio(self, asset_prices):\n",
    "        '''\n",
    "        asset_prices: np array of length 6, prices of the 6 assets on a particular day\n",
    "        weights: np array of length 6, portfolio allocation for the next day\n",
    "        '''\n",
    "        ### edit: used np.append to make this work\n",
    "        self.running_price_paths.loc[len(self.running_price_paths.index)] = asset_prices\n",
    "        #self.running_price_paths. = np.append(self.running_price_paths, asset_prices)\n",
    "        #print(self.running_price_paths)\n",
    "    \n",
    "        ### TODO Implement your code here\n",
    "        weights = calculateWeights(self.running_price_paths, self.running_weights_paths)\n",
    "        self.running_weights_paths.append(weights)\n",
    "        \n",
    "        return weights\n",
    "    \n",
    "    \n",
    "def grading(train_data, test_data): \n",
    "    '''\n",
    "    Grading Script\n",
    "    '''\n",
    "    weights = np.full(shape=(len(test_data.index),6), fill_value=0.0)\n",
    "    alloc = Allocator(train_data)\n",
    "    for i in range(0,len(test_data)):\n",
    "        weights[i,:] = alloc.allocate_portfolio(test_data.iloc[i,:])\n",
    "        if np.sum(weights < -1) or np.sum(weights > 1):\n",
    "            raise Exception(\"Weights Outside of Bounds\")\n",
    "    \n",
    "    capital = [1]\n",
    "    for i in range(len(test_data) - 1):\n",
    "        shares = capital[-1] * weights[i] / np.array(test_data.iloc[i,:])\n",
    "        balance = capital[-1] - np.dot(shares, np.array(test_data.iloc[i,:]))\n",
    "        net_change = np.dot(shares, np.array(test_data.iloc[i+1,:]))\n",
    "        capital.append(balance + net_change)\n",
    "    capital = np.array(capital)\n",
    "    returns = (capital[1:] - capital[:-1]) / capital[:-1]\n",
    "    \n",
    "    if np.std(returns) != 0:\n",
    "        sharpe = np.mean(returns) / np.std(returns)\n",
    "    else:\n",
    "        sharpe = 0\n",
    "        \n",
    "    return sharpe, capital, weights"
   ]
  },
  {
   "cell_type": "code",
   "execution_count": 6,
   "metadata": {},
   "outputs": [
    {
     "name": "stdout",
     "output_type": "stream",
     "text": [
      "[0.1295015  0.31531857 0.1501797  0.13967179 0.11744807 0.14788037]\n",
      "[0.12089241 0.33236167 0.14498964 0.14658545 0.11190524 0.14326559]\n",
      "[0.13478356 0.31864917 0.13458601 0.13887975 0.15897755 0.11412395]\n",
      "[0.1233084  0.19506888 0.08675101 0.30138257 0.20240214 0.091087  ]\n",
      "[0.12873174 0.34300131 0.13995369 0.12797558 0.1313382  0.12899948]\n",
      "[0.12799864 0.3371553  0.13980574 0.13167167 0.13663379 0.12673487]\n",
      "[0.13683791 0.32383641 0.14595973 0.11880883 0.12313717 0.15141995]\n",
      "[0.12160805 0.34587668 0.13171901 0.14603878 0.14863603 0.10612146]\n",
      "[0.11915361 0.32558411 0.14458357 0.15936319 0.12535821 0.1259573 ]\n",
      "[0.12598584 0.23172945 0.13695508 0.18930629 0.21485483 0.10116851]\n",
      "[0.14111428 0.28628674 0.13539633 0.13219679 0.1982587  0.10674716]\n",
      "[0.18818051 0.17739162 0.14583206 0.12470155 0.19452845 0.16936582]\n",
      "[0.2150066  0.10449415 0.13948062 0.11495501 0.22431369 0.20174992]\n",
      "[3.88372675e-10 9.99998867e-01 1.02623911e-07 1.02936169e-06\n",
      " 2.52834124e-10 1.32840766e-10]\n",
      "[0.06109733 0.62287875 0.08905006 0.11673249 0.05848994 0.05175142]\n",
      "[0.12103779 0.25326004 0.1319766  0.20641816 0.1830602  0.1042472 ]\n",
      "[0.11470442 0.41023684 0.11893738 0.14092168 0.11936553 0.09583415]\n",
      "[0.16240088 0.20248955 0.13005711 0.19454357 0.1433244  0.16718449]\n",
      "[0.11277662 0.40952934 0.11583923 0.14576324 0.12302821 0.09306336]\n",
      "[0.10379622 0.45397444 0.11636615 0.1416929  0.082178   0.10199229]\n",
      "[0.09324028 0.47554686 0.0826638  0.07614568 0.23754477 0.03485861]\n",
      "[0.12913316 0.3698139  0.12407538 0.14391841 0.1178326  0.11522655]\n",
      "[0.11750107 0.46250863 0.09624675 0.08485958 0.18522356 0.05366041]\n",
      "[0.1110599  0.40583386 0.12226671 0.1613557  0.07208471 0.12739912]\n",
      "[0.12137661 0.43376    0.11615216 0.12709765 0.10731289 0.09430069]\n",
      "[0.05904961 0.69111676 0.07407009 0.09908044 0.03512626 0.04155684]\n",
      "[0.04862188 0.39843897 0.09384651 0.26052113 0.00828914 0.19028238]\n",
      "[0.12273699 0.4400356  0.11593723 0.12067756 0.11230613 0.0883065 ]\n",
      "[0.12360308 0.42345799 0.11960184 0.13376321 0.10035132 0.09922255]\n",
      "[0.12823879 0.44674739 0.10493537 0.08691746 0.17367331 0.05948769]\n",
      "[0.13935989 0.34200017 0.13189726 0.13926265 0.13206795 0.11541208]\n",
      "[0.13519127 0.36335847 0.12857835 0.12588099 0.14438753 0.10260339]\n",
      "[2.73458418e-08 2.60121046e-03 6.72028118e-10 1.26664696e-14\n",
      " 9.97398762e-01 4.43107897e-16]\n",
      "[0.14252083 0.28305173 0.14336998 0.15850493 0.13334662 0.13920589]\n",
      "[0.13891783 0.31328372 0.13949519 0.14403568 0.14121155 0.12305603]\n",
      "[0.13074366 0.36080578 0.13312233 0.1304069  0.14023352 0.10468782]\n",
      "[0.16214206 0.18505978 0.14665698 0.18376669 0.12913186 0.19324263]\n",
      "[0.15008946 0.26119884 0.14398622 0.14817639 0.14531834 0.15123074]\n",
      "[0.14011238 0.29563646 0.14434968 0.15445808 0.13427538 0.13116801]\n",
      "[0.09901794 0.481488   0.12230376 0.08899366 0.14260047 0.06559616]\n",
      "[0.04556805 0.6170294  0.13905597 0.09527232 0.03071299 0.07236127]\n",
      "[0.16163986 0.20942786 0.15001866 0.1599364  0.13923823 0.17973898]\n",
      "[0.14826427 0.27654393 0.14682809 0.14426962 0.14212326 0.14197084]\n",
      "[0.20319405 0.04258576 0.08255376 0.20205265 0.21388856 0.25572522]\n",
      "[0.11951517 0.37106993 0.13289611 0.12816446 0.13858995 0.10976438]\n",
      "[0.11877404 0.36498964 0.12832046 0.12992581 0.14495244 0.11303763]\n",
      "[0.12228679 0.34234624 0.12850963 0.13032821 0.15985448 0.11667464]\n",
      "[0.12259732 0.36021043 0.12919853 0.12069291 0.15534687 0.11195394]\n",
      "[0.10028292 0.43663554 0.11910215 0.11086472 0.14655303 0.08656163]\n",
      "[0.10293302 0.42762732 0.1214367  0.11272109 0.14203112 0.09325074]\n",
      "[0.1166228  0.3890705  0.13164765 0.12369964 0.13073811 0.1082213 ]\n",
      "[0.06984986 0.04736489 0.04947069 0.0263823  0.77865355 0.0282787 ]\n",
      "[2.36408861e-02 8.37825956e-01 5.33723331e-02 7.49839326e-02\n",
      " 4.43594281e-04 9.73329785e-03]\n",
      "[0.15509502 0.20853921 0.15703601 0.1704905  0.10905122 0.19978803]\n",
      "[0.10686037 0.47695323 0.10760947 0.11238788 0.13186909 0.06431995]\n",
      "[0.10706694 0.35059298 0.13757346 0.14346369 0.08352437 0.17777856]\n",
      "[0.11112849 0.47324368 0.09653281 0.0987102  0.18046692 0.0399179 ]\n",
      "[0.14168106 0.2752691  0.13631978 0.14241061 0.14384515 0.16047431]\n",
      "[0.12842095 0.37645812 0.12070724 0.12210806 0.17223421 0.08007141]\n",
      "[0.08968453 0.53573787 0.10834174 0.10703537 0.11177433 0.04742615]\n",
      "[0.13059649 0.3126918  0.14329506 0.14454884 0.1313698  0.13749801]\n",
      "[0.12256324 0.40088082 0.11920249 0.11500283 0.16933623 0.0730144 ]\n",
      "[0.11639682 0.3046212  0.14519934 0.15403893 0.08686958 0.19287412]\n",
      "[0.12901088 0.33018998 0.1386516  0.13863441 0.12299042 0.1405227 ]\n",
      "[0.13106721 0.31806261 0.13964026 0.13800259 0.13662733 0.1366    ]\n",
      "[0.12723888 0.32018808 0.14100876 0.14153119 0.11513772 0.15489536]\n",
      "[1.30079767e-05 1.25499626e-04 3.11482720e-05 5.59240320e-03\n",
      " 1.28073630e-10 9.94237941e-01]\n",
      "[0.12666049 0.15064862 0.12840086 0.17157728 0.06969532 0.35301743]\n",
      "[0.13042548 0.31017949 0.139676   0.14033684 0.13685038 0.14253181]\n",
      "[0.14069673 0.26232809 0.13749248 0.14760995 0.13846392 0.17340884]\n",
      "[0.11589612 0.36701102 0.14266339 0.11692342 0.17262251 0.08488354]\n",
      "[0.12337284 0.34327224 0.13104062 0.14547836 0.10780172 0.14903422]\n",
      "[0.1129751  0.40228821 0.12019559 0.14100768 0.10399187 0.11954155]\n",
      "[0.12020366 0.36930531 0.12545816 0.1421661  0.11285241 0.13001436]\n",
      "[0.12412295 0.34769024 0.12892911 0.14465066 0.11407604 0.140531  ]\n",
      "[0.12667324 0.33844685 0.13160201 0.14284511 0.12391703 0.13651575]\n",
      "[0.12106511 0.37225994 0.12514426 0.13619423 0.13499921 0.11033725]\n",
      "[0.12926681 0.32414622 0.1324628  0.14160976 0.1281225  0.1443919 ]\n",
      "[0.12579451 0.34458866 0.13034995 0.13951664 0.12947712 0.13027312]\n",
      "[0.11544743 0.35855482 0.13024074 0.14941749 0.09954558 0.14679394]\n",
      "[0.12241491 0.35072528 0.13143639 0.14355484 0.12087134 0.13099724]\n",
      "[0.12479173 0.33734321 0.1353287  0.1456539  0.12277304 0.13410943]\n",
      "[0.13563389 0.28628324 0.14635387 0.14585866 0.13647668 0.14939366]\n",
      "[0.13699373 0.27954742 0.14917513 0.14614786 0.13835527 0.1497806 ]\n",
      "[0.13832145 0.26715185 0.15147495 0.14609861 0.14092008 0.15603306]\n",
      "[0.14269938 0.26439713 0.1531484  0.14218642 0.14033764 0.15723103]\n",
      "[0.14533235 0.29636219 0.14862011 0.13611748 0.12988261 0.14368525]\n",
      "[0.14224995 0.31437618 0.14572669 0.13434941 0.12667924 0.13661853]\n",
      "[0.13338538 0.3483639  0.13796969 0.13499147 0.12154209 0.12374747]\n",
      "[0.13388522 0.34165313 0.13905721 0.13624112 0.12280765 0.12635567]\n",
      "[0.13629252 0.33051579 0.1418802  0.13508241 0.123563   0.13266608]\n",
      "[0.13563458 0.31552381 0.14408372 0.13398932 0.13031207 0.14045649]\n",
      "[0.12907164 0.34669267 0.13711853 0.13602808 0.12569189 0.12539718]\n",
      "[0.13101482 0.33903661 0.13926859 0.13581993 0.12145239 0.13340766]\n",
      "[0.12945517 0.3433094  0.13804795 0.13708828 0.11989028 0.13220892]\n",
      "[0.12989955 0.34232194 0.13842537 0.13591406 0.12223818 0.1312009 ]\n",
      "[0.1302315  0.33745105 0.13833399 0.13653567 0.12466302 0.13278477]\n",
      "[0.13033086 0.32428298 0.14025827 0.13656357 0.1219025  0.14666181]\n",
      "[0.13022014 0.32751079 0.13911409 0.1362722  0.1241374  0.14274537]\n",
      "[0.12952353 0.33704082 0.13770654 0.13608884 0.12608931 0.13355095]\n",
      "[0.1227537  0.41250005 0.12564521 0.13016869 0.11127117 0.09766117]\n",
      "[0.13709878 0.30738685 0.13912373 0.13077173 0.1492302  0.13638872]\n",
      "[0.13371796 0.33792164 0.13463094 0.13348884 0.13806395 0.12217668]\n",
      "[0.12590269 0.36465085 0.13090441 0.14010291 0.13094528 0.10749386]\n",
      "[0.13762677 0.29408468 0.1375904  0.13577435 0.15587363 0.13905017]\n",
      "[0.10620111 0.01188966 0.05858632 0.0490529  0.57593605 0.19833396]\n",
      "[0.12534448 0.37455173 0.13066189 0.13401047 0.12444245 0.11098897]\n",
      "[0.13444175 0.31469812 0.13975352 0.1357177  0.14440424 0.13098467]\n",
      "[0.12407984 0.39161583 0.12705718 0.13023105 0.11911344 0.10790266]\n",
      "[0.11090711 0.47316923 0.11218859 0.11876869 0.09846899 0.0864974 ]\n",
      "[0.11611494 0.44246812 0.11720501 0.12403585 0.10612314 0.09405294]\n",
      "[0.13761519 0.31275853 0.13892987 0.13182105 0.1352766  0.14359875]\n",
      "[0.0649699  0.68426665 0.07673314 0.08296234 0.0562125  0.03485549]\n",
      "[0.06486307 0.67079496 0.08667131 0.08216273 0.05918166 0.03632626]\n",
      "[0.14441504 0.21490166 0.15678693 0.13614666 0.1691425  0.17860721]\n",
      "[0.1121856  0.44458363 0.12487857 0.11808205 0.10581127 0.09445889]\n",
      "[0.12887476 0.33273143 0.14357154 0.13371517 0.12848756 0.13261955]\n",
      "[0.13098654 0.33839282 0.13669956 0.13312093 0.12588653 0.13491362]\n",
      "[0.1194379  0.41230663 0.12425867 0.12357376 0.11088241 0.10954064]\n",
      "[0.09037181 0.58308411 0.09710312 0.08936116 0.07963603 0.06044378]\n",
      "[0.05097718 0.73073811 0.07258372 0.07061597 0.04605449 0.02903053]\n",
      "[0.10650173 0.44981881 0.11870141 0.12260155 0.10536973 0.09700678]\n",
      "[0.12456739 0.35865544 0.12334129 0.13359283 0.12993187 0.12991119]\n",
      "[0.08809286 0.60935426 0.09575376 0.08642916 0.06367121 0.05669875]\n",
      "[0.11562273 0.40924877 0.12447856 0.12375637 0.1147514  0.11214216]\n",
      "[0.11603725 0.38349814 0.12720172 0.12911275 0.12494585 0.11920429]\n",
      "[0.1149665  0.35866416 0.13126623 0.13651416 0.13328127 0.12530769]\n",
      "[0.11045438 0.41043193 0.12627014 0.1260837  0.11862596 0.10813389]\n",
      "[0.09744861 0.4973101  0.11437904 0.10891101 0.10062122 0.08133002]\n",
      "[0.04284322 0.76264475 0.07565084 0.05794821 0.036425   0.02448798]\n",
      "[0.12536956 0.39010881 0.12205838 0.12071978 0.12347035 0.11827311]\n",
      "[0.12479997 0.52190996 0.09657045 0.08629275 0.08590872 0.08451815]\n",
      "[0.12861859 0.34481625 0.12714919 0.13002388 0.1352965  0.13409558]\n",
      "[0.12393282 0.56034705 0.08699063 0.07331846 0.06343    0.09198104]\n",
      "[0.12446396 0.54296331 0.08937188 0.07697835 0.06508675 0.10113574]\n",
      "[0.1314471  0.41226177 0.11446683 0.11372852 0.14743029 0.08066549]\n",
      "[0.13007304 0.47167273 0.10164387 0.09601732 0.08455526 0.11603778]\n",
      "[0.10725215 0.47685978 0.08593267 0.10588105 0.06760907 0.15646528]\n",
      "[0.15608243 0.32698014 0.12694142 0.12143609 0.14805245 0.12050747]\n",
      "[0.14257854 0.42399807 0.10854717 0.09901401 0.08727996 0.13858226]\n",
      "[0.17809207 0.30228614 0.14737549 0.09868119 0.21029326 0.06327186]\n",
      "[0.20877159 0.12684855 0.18402857 0.10504248 0.20303792 0.1722709 ]\n",
      "[0.17116201 0.13415638 0.17505666 0.14981738 0.20825628 0.16155129]\n",
      "[0.17116599 0.22382311 0.14676954 0.12504412 0.17137559 0.16182165]\n",
      "[0.1758476  0.14778577 0.16593994 0.13172751 0.19982856 0.17887062]\n",
      "[3.32634923e-05 9.50372363e-01 5.84196793e-04 4.86436554e-02\n",
      " 3.21975768e-04 4.45454439e-05]\n",
      "[0.02447058 0.10760789 0.14867309 0.38613045 0.21911021 0.11400777]\n",
      "[0.15938366 0.5043997  0.06456321 0.07206013 0.15236423 0.04722908]\n",
      "[0.13710414 0.26684976 0.14356593 0.11966079 0.07923677 0.25358261]\n",
      "[0.12460662 0.42776666 0.10975418 0.11843451 0.13077593 0.0886621 ]\n",
      "[1.23354807e-07 4.72432845e-11 1.67362268e-06 9.91043733e-08\n",
      " 3.05093498e-12 9.99998104e-01]\n",
      "[0.12295758 0.35694731 0.14069435 0.12364178 0.11047118 0.14528781]\n",
      "[0.07632472 0.65764725 0.03798414 0.07505923 0.14089126 0.0120934 ]\n",
      "[0.14790643 0.28266389 0.14172558 0.10747705 0.08743069 0.23279636]\n",
      "[0.06945663 0.69982228 0.05414859 0.08382255 0.06138155 0.03136839]\n",
      "[0.10347642 0.56044872 0.08203827 0.10360621 0.09166733 0.05876304]\n",
      "[0.11596624 0.53768017 0.08245316 0.10397149 0.0979744  0.06195454]\n",
      "[0.1292263  0.48888436 0.0937697  0.10424778 0.10872741 0.07514445]\n",
      "[0.13530414 0.49421332 0.09069048 0.10135125 0.10102984 0.07741097]\n",
      "[0.138489   0.48266993 0.09255215 0.10168962 0.10286332 0.08173599]\n",
      "[0.07238445 0.60576369 0.0885539  0.10187411 0.07573639 0.05568746]\n",
      "[0.15228588 0.4562463  0.1060958  0.09150447 0.11249024 0.0813773 ]\n",
      "[0.15742601 0.43369063 0.08736932 0.10852884 0.10077921 0.11220599]\n",
      "[0.14590701 0.46425877 0.08776284 0.09806535 0.09557639 0.10842963]\n",
      "[0.10934978 0.49580607 0.08433924 0.1123785  0.08077962 0.11734678]\n",
      "[0.28874547 0.32991011 0.06392459 0.07922895 0.1261966  0.11199428]\n",
      "[0.19814945 0.36067928 0.10008128 0.10139848 0.13530108 0.10439043]\n",
      "[0.09353404 0.00175327 0.08148338 0.16889062 0.40096885 0.25336985]\n",
      "[0.133726   0.4762498  0.09709371 0.09842531 0.10276587 0.09173931]\n",
      "[0.17467243 0.06802655 0.12451099 0.17169107 0.25540841 0.20569055]\n",
      "[0.17328181 0.0429565  0.12805082 0.16680298 0.27844833 0.21045955]\n",
      "[0.10736248 0.50978464 0.09542107 0.10932037 0.10166368 0.07644776]\n",
      "[0.18134799 0.05833233 0.13538883 0.16737908 0.25360824 0.20394353]\n",
      "[0.1476227  0.04074857 0.11909807 0.20528012 0.27489551 0.21235503]\n",
      "[0.1177133  0.51780912 0.07845278 0.10456331 0.13010709 0.0513544 ]\n",
      "[0.13914985 0.153697   0.1519656  0.1827202  0.23389485 0.1385725 ]\n",
      "[0.15004161 0.23422763 0.15111576 0.15106534 0.18572095 0.12782872]\n",
      "[0.13747725 0.3385004  0.13460212 0.1323565  0.14058639 0.11647733]\n",
      "[0.13433741 0.23527343 0.1617215  0.15543778 0.18341969 0.12981019]\n",
      "[0.13814522 0.27888822 0.14852523 0.1459986  0.15761935 0.13082338]\n",
      "[0.14167003 0.32080633 0.14179512 0.13157156 0.13396119 0.13019577]\n",
      "[0.11643976 0.0903669  0.23758332 0.16018905 0.21785891 0.17756205]\n",
      "[0.12026589 0.38923822 0.1127203  0.13823489 0.13585322 0.10368748]\n",
      "[2.64579791e-04 5.81384426e-07 7.73466116e-01 6.01558912e-03\n",
      " 5.79285890e-03 2.14460275e-01]\n",
      "[0.13031474 0.07424283 0.2990121  0.10551573 0.07958728 0.31132732]\n",
      "[0.16991389 0.17909903 0.20865218 0.12297007 0.08303877 0.23632607]\n",
      "[0.15117926 0.31747927 0.15431139 0.11924882 0.11343224 0.14434903]\n",
      "[0.14873084 0.06304583 0.29337144 0.0804167  0.02652178 0.38791341]\n",
      "[0.16877934 0.17506143 0.22047616 0.11588142 0.06588042 0.25392124]\n",
      "[0.14797582 0.33144749 0.12854016 0.13705983 0.12195131 0.1330254 ]\n",
      "[1.53438064e-01 1.04790253e-01 1.93955971e-01 1.48990487e-02\n",
      " 2.58534339e-04 5.32658129e-01]\n",
      "[0.14760692 0.298715   0.15044596 0.13625523 0.11505586 0.15192104]\n",
      "[0.15190728 0.31840604 0.13518818 0.13635002 0.11161957 0.14652891]\n",
      "[0.09919992 0.42608358 0.12644215 0.13617002 0.11691409 0.09519024]\n",
      "[0.13679417 0.36998719 0.10008665 0.15593423 0.1217669  0.11543087]\n",
      "[0.17213352 0.20321298 0.13295875 0.14529113 0.17746772 0.16893589]\n",
      "[0.15980968 0.24492202 0.13434869 0.14546826 0.1632997  0.15215166]\n",
      "[0.03600048 0.62892269 0.05484821 0.15426422 0.0317189  0.09424551]\n",
      "[0.13064122 0.34297363 0.11653899 0.1545335  0.13257241 0.12274025]\n",
      "[0.12679919 0.35173314 0.11997769 0.15334312 0.13582232 0.11232453]\n",
      "[0.12167138 0.34790696 0.12289815 0.15472728 0.12829432 0.1245019 ]\n",
      "[0.13798011 0.30526089 0.13400158 0.15548459 0.15440753 0.1128653 ]\n",
      "[0.1449823  0.27187958 0.14766027 0.154235   0.17008509 0.11115778]\n",
      "[0.11658135 0.36438425 0.12036381 0.15571503 0.12541095 0.11754461]\n",
      "[4.52447497e-08 9.97013085e-01 3.98124343e-06 2.90956405e-05\n",
      " 9.59134624e-09 2.95378352e-03]\n",
      "[0.01910468 0.75304418 0.03568746 0.06748042 0.01457778 0.11010547]\n",
      "[0.21139503 0.04339914 0.20712847 0.0753433  0.42863202 0.03410204]\n",
      "[0.14150874 0.31339255 0.12470048 0.157109   0.15557587 0.10771336]\n",
      "[0.18708561 0.14735142 0.1878169  0.14091779 0.22631455 0.11051372]\n",
      "[0.18250135 0.19930244 0.16614464 0.10251187 0.30300408 0.04653563]\n",
      "[0.18535471 0.0839165  0.24484852 0.12679851 0.24458002 0.11450175]\n",
      "[0.18524849 0.22883087 0.14862368 0.13747855 0.20762268 0.09219572]\n",
      "[0.13220995 0.33457096 0.11314342 0.15235542 0.10709372 0.16062653]\n",
      "[0.10645746 0.39076043 0.11056876 0.12207144 0.07458054 0.19556136]\n",
      "[0.15875499 0.24781344 0.13462174 0.16836967 0.14384498 0.14659519]\n",
      "[0.1435729  0.35379599 0.15201024 0.11056109 0.11915373 0.12090606]\n",
      "[0.05780706 0.02428715 0.0090977  0.49461398 0.10827241 0.3059217 ]\n",
      "[0.14676536 0.29871514 0.12645002 0.14734584 0.13095751 0.14976613]\n",
      "[0.13615071 0.28760003 0.1067784  0.17487296 0.11862778 0.17597012]\n",
      "[0.16969948 0.28164102 0.17788596 0.10813652 0.15780726 0.10482976]\n",
      "[0.1482737  0.33584978 0.19104745 0.10204346 0.12151853 0.10126707]\n",
      "[0.13521116 0.29599174 0.09631105 0.16854885 0.11480346 0.18913373]\n",
      "[0.15249834 0.32441823 0.25194695 0.07027371 0.14058049 0.06028227]\n",
      "[0.14641301 0.31221923 0.12933368 0.13941643 0.12901894 0.14359871]\n",
      "[0.14093593 0.3084503  0.11002675 0.15496585 0.12286332 0.16275785]\n",
      "[0.13927279 0.33223248 0.12994802 0.13670356 0.12570293 0.13614022]\n",
      "[0.1351399  0.33867303 0.1215455  0.14149517 0.12157902 0.14156737]\n",
      "[0.06801897 0.57231704 0.09085598 0.10473406 0.07106691 0.09300703]\n",
      "[0.12643932 0.36578484 0.1246218  0.13345763 0.11719102 0.13250539]\n",
      "[0.0839511  0.48955685 0.08609758 0.13841227 0.07729913 0.12468307]\n",
      "[0.13482857 0.16559413 0.38471473 0.0692328  0.1781406  0.06748916]\n",
      "[0.13684712 0.33640792 0.13888511 0.12747489 0.1300247  0.13036026]\n",
      "[0.13441048 0.33851671 0.1388923  0.12855152 0.12948445 0.13014454]\n",
      "[0.17179381 0.2069987  0.18645585 0.11756645 0.16659871 0.15058647]\n",
      "[0.1221551  0.36227411 0.13697981 0.13240939 0.12496451 0.12121707]\n",
      "[0.1371547  0.20180244 0.21579834 0.13765776 0.17239173 0.13519503]\n",
      "[0.13727274 0.24203    0.19044934 0.13482465 0.16120834 0.13421493]\n",
      "[0.13516777 0.33534673 0.14217969 0.12845273 0.12796644 0.13088664]\n",
      "[0.3422382  0.4299814  0.02163442 0.0284051  0.02179106 0.15594983]\n",
      "[0.13432277 0.32032866 0.15233503 0.13097077 0.13922533 0.12281743]\n",
      "[0.07722931 0.53723563 0.08318105 0.13262194 0.08598448 0.08374759]\n",
      "[0.1387055  0.3291402  0.1437665  0.12725944 0.18566838 0.07545998]\n",
      "[0.05421522 0.55917371 0.07503053 0.14114133 0.05235712 0.11808209]\n",
      "[0.05293002 0.2841319  0.12895157 0.17979232 0.04196557 0.31222862]\n",
      "[0.05047347 0.44990833 0.09140154 0.16822784 0.04462016 0.19536867]\n",
      "[0.12835043 0.32763624 0.14910781 0.13438196 0.12664394 0.13387962]\n",
      "[0.01275483 0.53134604 0.04036592 0.14523351 0.00947717 0.26082252]\n",
      "[4.21716592e-011 1.57054394e-104 5.25420794e-058 3.54757709e-121\n",
      " 1.00000000e+000 9.41110066e-141]\n",
      "[0.04689339 0.38764196 0.09037993 0.24922907 0.05136007 0.17449558]\n",
      "[0.15374054 0.30387312 0.15637186 0.11804937 0.15346873 0.11449637]\n",
      "[2.38804097e-07 1.28860222e-06 2.06356910e-04 1.17114068e-01\n",
      " 7.42983003e-08 8.82677974e-01]\n",
      "[0.12495286 0.3383514  0.13863841 0.14446707 0.12635606 0.12723419]\n",
      "[0.16356332 0.32067111 0.18180434 0.07407805 0.15917949 0.10070368]\n",
      "[0.10702696 0.32736173 0.12485213 0.18529966 0.10746146 0.14799806]\n",
      "[0.11498327 0.31847063 0.13727162 0.16802875 0.11467293 0.1465728 ]\n",
      "[0.10892668 0.33914898 0.12807112 0.17282808 0.11112977 0.13989536]\n",
      "[0.06860464 0.25090993 0.12726224 0.35377653 0.11222035 0.08722631]\n",
      "[0.13093396 0.11019261 0.3819659  0.08934135 0.11811102 0.16945516]\n",
      "[0.12588095 0.31587687 0.15320137 0.14558199 0.12721012 0.1322487 ]\n",
      "[0.24621755 0.40640644 0.08928279 0.03974314 0.11815283 0.10019724]\n",
      "[0.13113747 0.24994326 0.20394262 0.14664438 0.14327196 0.12506033]\n",
      "[0.16506761 0.40273744 0.1071382  0.09718622 0.1082964  0.11957413]\n",
      "[0.27046689 0.54777548 0.03057151 0.02096695 0.05085692 0.07936225]\n",
      "[0.13483797 0.32337895 0.15093475 0.13962804 0.12414125 0.12707902]\n",
      "[0.14422388 0.40711132 0.10209445 0.11778393 0.1075395  0.12124692]\n",
      "[0.13876474 0.39845592 0.10685594 0.12583518 0.11290641 0.11718181]\n",
      "[0.23559674 0.05876894 0.19761836 0.11337706 0.17530019 0.21933871]\n",
      "[7.82203793e-09 9.99998672e-01 1.78296562e-08 1.27896450e-06\n",
      " 1.56859573e-08 7.58897423e-09]\n",
      "[0.15600068 0.32603267 0.1451563  0.11863249 0.12907484 0.12510301]\n",
      "[0.05980758 0.2941196  0.32169976 0.14128975 0.12581638 0.05726694]\n",
      "[0.15392288 0.33279608 0.11977679 0.13370526 0.12333996 0.13645902]\n",
      "[0.12143577 0.36845769 0.15533365 0.12902394 0.11265768 0.11309127]\n",
      "[0.17702807 0.17382967 0.33928084 0.06194557 0.14980593 0.09810992]\n",
      "[0.07876172 0.5137082  0.11492197 0.13155863 0.05900919 0.10204028]\n",
      "[0.13446458 0.36566037 0.12014259 0.14108464 0.1093047  0.12934312]\n",
      "[0.1498163  0.36293007 0.09898198 0.14514487 0.09886561 0.14426117]\n",
      "[0.14353951 0.38928675 0.08897592 0.14252071 0.09567835 0.13999877]\n",
      "[0.11411085 0.22965048 0.31709402 0.09359385 0.15218247 0.09336834]\n",
      "[0.11889054 0.25353689 0.18215139 0.14908513 0.16202759 0.13430847]\n",
      "[0.01014435 0.01068968 0.74949261 0.03348096 0.18993842 0.00625398]\n",
      "[0.13522319 0.32159676 0.16072171 0.13062198 0.12855998 0.12327638]\n",
      "[0.12821941 0.37178497 0.11856837 0.13181389 0.11109627 0.13851708]\n",
      "[0.11418223 0.21920034 0.18076854 0.19169447 0.18497501 0.10917942]\n",
      "[0.11891539 0.30441602 0.13198582 0.17415225 0.13935169 0.13117883]\n",
      "[0.1107024  0.2551836  0.13001187 0.220395   0.1583611  0.12534604]\n",
      "[0.11880202 0.26931493 0.13834415 0.19383688 0.15094649 0.12875553]\n",
      "[0.10410392 0.24636878 0.13400588 0.23037283 0.16379379 0.12135479]\n",
      "[0.12235962 0.29734991 0.1500914  0.16460554 0.14206971 0.12352382]\n",
      "[0.13766109 0.34720141 0.13581551 0.13840039 0.12815462 0.11276699]\n",
      "[0.16759041 0.37125854 0.10515958 0.09589595 0.10186891 0.15822661]\n",
      "[0.08728807 0.51992727 0.20144157 0.03952411 0.06855616 0.08326283]\n",
      "[0.11231697 0.44860703 0.15239322 0.08788126 0.10574183 0.09305969]\n",
      "[0.15587182 0.27905313 0.15347675 0.13337618 0.13067484 0.14754729]\n",
      "[0.13139416 0.38493347 0.14426204 0.10729778 0.12178802 0.11032453]\n",
      "[0.13726787 0.34139547 0.15937542 0.11327237 0.1259371  0.12275177]\n",
      "[0.15640784 0.35760525 0.11611601 0.11838959 0.12988124 0.12160007]\n",
      "[0.12520117 0.0983119  0.13441089 0.3444202  0.16765819 0.12999765]\n",
      "[0.31231928 0.06582433 0.03513865 0.04723036 0.02694003 0.51254735]\n",
      "[0.18160933 0.26631739 0.12399019 0.13818789 0.13570565 0.15418955]\n",
      "[0.15095881 0.33076028 0.13087793 0.12948168 0.13016186 0.12775943]\n",
      "[0.1726569  0.27952136 0.12654889 0.13859262 0.13949777 0.14318246]\n",
      "[0.19005102 0.24941227 0.12338788 0.13978143 0.14834406 0.14902335]\n",
      "[0.19136867 0.25362904 0.12354989 0.13793221 0.14478394 0.14873624]\n",
      "[0.25424675 0.25459884 0.09626909 0.09705232 0.1676563  0.13017672]\n",
      "[0.06517256 0.40844886 0.13046116 0.2018602  0.07098693 0.12307029]\n",
      "[0.08277346 0.47359036 0.11831185 0.13203091 0.08266071 0.11063271]\n",
      "[0.17815642 0.19918663 0.09165423 0.23009695 0.12317526 0.17773051]\n",
      "[0.14591257 0.31204005 0.13192005 0.14358954 0.12408389 0.14245389]\n",
      "[0.13390365 0.32708333 0.13113925 0.14532406 0.12183266 0.14071705]\n",
      "[0.14307503 0.29723672 0.13311482 0.15094235 0.12398064 0.15165045]\n",
      "[0.1399726  0.33562581 0.13157579 0.13648618 0.12334966 0.13298996]\n",
      "[0.14714369 0.28787049 0.13352197 0.15140803 0.12611988 0.15393594]\n",
      "[0.14809073 0.29137578 0.13265078 0.14986211 0.12594031 0.15208029]\n",
      "[0.15306256 0.27117494 0.13202598 0.15522835 0.13019437 0.1583138 ]\n",
      "[0.15314961 0.27175227 0.13185972 0.15497464 0.13037542 0.15788834]\n",
      "[0.16173056 0.24009461 0.13774283 0.15549013 0.13731994 0.16762194]\n",
      "[0.15031054 0.33558566 0.14280712 0.11785786 0.12595422 0.1274846 ]\n",
      "[0.14920111 0.34252034 0.14461459 0.1138631  0.12583616 0.1239647 ]\n",
      "[0.13620158 0.3254433  0.13532692 0.14456979 0.13032077 0.12813764]\n",
      "[0.14869065 0.14195326 0.12887448 0.22919398 0.14682432 0.20446331]\n",
      "[0.14450837 0.32330621 0.13455706 0.13803122 0.12778072 0.13181643]\n",
      "[0.12723849 0.31608202 0.12951827 0.16626056 0.1329185  0.12798215]\n",
      "[0.14597441 0.2152766  0.13967989 0.18875253 0.14878984 0.16152672]\n",
      "[0.14961384 0.14302192 0.13511682 0.22088434 0.16305311 0.18830998]\n",
      "[0.14162589 0.20819509 0.14269661 0.19342179 0.15283046 0.16123016]\n",
      "[0.14903089 0.18270165 0.14952269 0.19652083 0.15608713 0.16613681]\n",
      "[0.1287685  0.32798421 0.1442154  0.15016375 0.12840311 0.12046503]\n",
      "[0.13666302 0.33368427 0.13106822 0.14728265 0.12799777 0.12330407]\n",
      "[0.02890705 0.78006029 0.08318492 0.04446719 0.03621992 0.02716063]\n",
      "[7.31633488e-01 5.06472218e-21 5.96022009e-08 7.50152456e-03\n",
      " 3.95279472e-02 2.21336980e-01]\n",
      "[1.23812473e-02 9.71785705e-01 6.04558535e-04 4.53128127e-03\n",
      " 9.20901491e-03 1.48819262e-03]\n",
      "[0.1473456  0.27102871 0.14081742 0.17072178 0.14832727 0.12175921]\n",
      "[0.11847731 0.38582401 0.13581525 0.13419935 0.11912906 0.10655503]\n",
      "[0.12652304 0.38606329 0.12607419 0.13553881 0.12514316 0.10065751]\n",
      "[0.13289982 0.32967371 0.14272552 0.14426433 0.12829309 0.12214353]\n",
      "[0.25174511 0.0006783  0.10528145 0.17047738 0.09600535 0.37581241]\n",
      "[2.97074897e-01 1.15370984e-05 8.49129711e-02 2.33117408e-01\n",
      " 1.99889067e-01 1.84994120e-01]\n",
      "[0.11117929 0.41161499 0.12987672 0.13765064 0.11205483 0.09762355]\n",
      "[0.08681394 0.40057653 0.13761861 0.1931273  0.10357263 0.078291  ]\n",
      "[0.15350279 0.33025743 0.13064901 0.12456132 0.14015305 0.12087641]\n",
      "[3.27167449e-05 1.73881651e-02 1.93997575e-02 9.60965407e-01\n",
      " 6.81692910e-04 1.53226122e-03]\n",
      "[0.13681852 0.39565661 0.12418216 0.11480555 0.12471    0.10382717]\n",
      "[0.22855793 0.34238549 0.10396679 0.06550402 0.15152441 0.10806136]\n",
      "[0.14339305 0.39590382 0.12136482 0.108555   0.12641822 0.10436509]\n",
      "[0.12678494 0.39706839 0.11919006 0.13119422 0.12523822 0.10052417]\n",
      "[0.13397724 0.37059532 0.12070132 0.13212161 0.12725456 0.11534996]\n",
      "[0.1326518  0.36604301 0.12512511 0.13451686 0.12713942 0.11452381]\n",
      "[0.2640815  0.10972054 0.14687966 0.08186634 0.17064862 0.22680335]\n",
      "[0.1287153  0.34931799 0.12479504 0.15072174 0.12836676 0.11808318]\n",
      "[0.12285925 0.35309927 0.12739541 0.15439664 0.12794222 0.11430722]\n",
      "[0.16045596 0.25247362 0.16456112 0.12302459 0.15652077 0.14296393]\n",
      "[0.0119428  0.38649628 0.00387038 0.56156796 0.02843568 0.0076869 ]\n",
      "[0.06784544 0.47246672 0.11578611 0.14389967 0.17268975 0.02731231]\n",
      "[0.15231926 0.31773081 0.13105241 0.12951084 0.16734621 0.10204047]\n",
      "[0.1313764  0.2935348  0.17309219 0.13112939 0.15640287 0.11446435]\n",
      "[0.15707337 0.24489006 0.16804701 0.12738738 0.15511413 0.14748805]\n",
      "[0.16452118 0.23077153 0.16616783 0.12855901 0.15286103 0.15711942]\n",
      "[0.15473426 0.28095381 0.14896804 0.12916862 0.15574548 0.13042979]\n",
      "[0.15019549 0.28646273 0.15255294 0.13002738 0.15150083 0.12926062]\n",
      "[0.15321423 0.28258257 0.15613896 0.13140061 0.14340419 0.13325946]\n",
      "[0.17009425 0.20172805 0.18778625 0.11707855 0.1225718  0.20074111]\n",
      "[5.30082178e-02 4.77424704e-04 9.37273634e-02 2.62361590e-03\n",
      " 1.71581642e-03 8.48447562e-01]\n",
      "[0.16777824 0.18780136 0.1927133  0.12149644 0.13558546 0.19462519]\n",
      "[0.16253499 0.16182743 0.21044056 0.14707426 0.14439645 0.1737263 ]\n",
      "[0.1639746  0.1672702  0.20562996 0.14676702 0.1439626  0.17239561]\n",
      "[0.16595615 0.15145743 0.21421248 0.14902932 0.14149404 0.17785058]\n",
      "[0.16417509 0.14276324 0.22782391 0.15249045 0.13372071 0.1790266 ]\n",
      "[0.16435613 0.158103   0.20776007 0.15615457 0.14543268 0.16819356]\n",
      "[0.16077068 0.16121729 0.20429004 0.16381298 0.1599164  0.14999261]\n",
      "[0.13907418 0.35595096 0.12691563 0.12653416 0.12023425 0.13129082]\n",
      "[0.14336208 0.34426523 0.12041189 0.12724406 0.13212807 0.13258867]\n",
      "[0.13727612 0.36098558 0.11980958 0.12792231 0.12107897 0.13292744]\n",
      "[0.13778178 0.35709795 0.11787812 0.13047943 0.12523551 0.13152721]\n",
      "[0.13714464 0.3485667  0.11908607 0.13759705 0.13025813 0.12734741]\n",
      "[0.15141741 0.32256099 0.10918412 0.13507721 0.1234546  0.15830567]\n",
      "[0.15462617 0.31143355 0.09667399 0.14687543 0.12846948 0.16192139]\n",
      "[0.13867554 0.3428451  0.12903418 0.12936148 0.1203639  0.1397198 ]\n",
      "[0.15415087 0.3092281  0.09301186 0.15166705 0.12760965 0.16433247]\n",
      "[0.14897369 0.32621341 0.10081239 0.14518761 0.12818751 0.1506254 ]\n",
      "[0.14750522 0.32406353 0.10489149 0.14438496 0.12690541 0.15224939]\n",
      "[0.1460981  0.34052906 0.10486245 0.14027361 0.12222993 0.14600684]\n",
      "[0.1384718  0.36948188 0.11013531 0.13097395 0.11363177 0.1373053 ]\n",
      "[0.14853994 0.32053737 0.10783985 0.1426253  0.12309874 0.1573588 ]\n",
      "[0.14888124 0.31056487 0.11321806 0.14195951 0.12387029 0.16150602]\n",
      "[0.15093248 0.28686793 0.11572898 0.14689907 0.12748367 0.17208788]\n",
      "[0.15579593 0.25446209 0.12618674 0.14777932 0.12836108 0.18741484]\n",
      "[0.17073054 0.16909983 0.15859565 0.14044864 0.12338492 0.23774041]\n",
      "[0.17492327 0.26515937 0.11044488 0.14872718 0.11625124 0.18449407]\n",
      "[0.30490585 0.14857044 0.0639485  0.16214909 0.08934711 0.23107902]\n",
      "[0.24318134 0.07557476 0.13987197 0.15497555 0.11248829 0.27390809]\n",
      "[0.11447137 0.49195227 0.07526309 0.11315642 0.09276624 0.11239061]\n",
      "[0.13018488 0.44383723 0.08063468 0.11991193 0.09844442 0.12698686]\n",
      "[0.15772333 0.34066924 0.09592122 0.14062828 0.10818264 0.15687529]\n",
      "[0.12710252 0.35023756 0.12574044 0.14168848 0.11671547 0.13851553]\n",
      "[0.12377755 0.45459807 0.08003452 0.12204954 0.09992305 0.11961727]\n",
      "[0.10529298 0.4447712  0.07973363 0.10062381 0.20350214 0.06607624]\n",
      "[0.12560461 0.32477927 0.14446111 0.14118981 0.12528017 0.13868503]\n",
      "[0.12400475 0.35637281 0.12754591 0.13772792 0.12962321 0.1247254 ]\n",
      "[0.14528232 0.1815661  0.19140524 0.16257727 0.15599263 0.16317644]\n",
      "[0.14881693 0.20399106 0.17606753 0.15687385 0.15775184 0.15649878]\n",
      "[0.12957347 0.35584173 0.12230921 0.13521513 0.12863312 0.12842734]\n",
      "[0.13321236 0.35172344 0.12411117 0.13450789 0.12961594 0.12682921]\n",
      "[0.12821775 0.33722774 0.1351097  0.1409711  0.12831396 0.13015975]\n",
      "[0.13743207 0.29253556 0.15125542 0.14617817 0.13861358 0.13398521]\n",
      "[0.13955796 0.32408424 0.13151517 0.13624506 0.13824796 0.13034962]\n",
      "[0.16004931 0.24784136 0.14959857 0.14562549 0.16233842 0.13454685]\n",
      "[0.15976662 0.24971771 0.13675953 0.15424068 0.16730189 0.13221356]\n",
      "[0.12741574 0.28967401 0.13497788 0.17074873 0.15290104 0.12428261]\n",
      "[0.17895714 0.23828542 0.12541097 0.14831761 0.1761956  0.13283325]\n",
      "[0.15042511 0.26149855 0.13284541 0.1598836  0.15804632 0.13730101]\n",
      "[0.15703353 0.26070495 0.11803746 0.16154252 0.16513585 0.13754569]\n",
      "[0.13792266 0.23393621 0.12185055 0.20340033 0.16287022 0.14002003]\n",
      "[4.51233527e-05 1.20965729e-02 9.87811668e-01 3.63936977e-09\n",
      " 6.02158432e-07 4.60302366e-05]\n",
      "[0.14836842 0.2568522  0.12835089 0.16670826 0.15681639 0.14290383]\n",
      "[0.15549291 0.25282602 0.1294318  0.15930344 0.15954347 0.14340236]\n",
      "[0.16521534 0.25753389 0.13411678 0.14026927 0.15793878 0.14492595]\n",
      "[0.16332429 0.26104379 0.14227046 0.1343605  0.15518412 0.14381685]\n",
      "[0.15414181 0.28955062 0.16792067 0.11024127 0.13701089 0.14113474]\n",
      "[0.15987193 0.27603852 0.14363577 0.12719166 0.1461366  0.14712552]\n",
      "[0.13169939 0.33286644 0.21491474 0.08544546 0.10578674 0.12928722]\n",
      "[0.04298919 0.29163629 0.58448159 0.00605004 0.0198386  0.05500428]\n",
      "[0.13719356 0.32575414 0.18506165 0.10158328 0.11677734 0.13363004]\n",
      "[0.05254205 0.2292255  0.61593493 0.01331429 0.03035532 0.0586279 ]\n",
      "[0.11611113 0.359966   0.06598759 0.1629109  0.13872867 0.1562957 ]\n",
      "[0.12951737 0.34633642 0.17091894 0.11395377 0.1143288  0.1249447 ]\n",
      "[0.12258551 0.37754713 0.16188905 0.11524967 0.10939914 0.11332949]\n",
      "[0.11550702 0.41418992 0.12529624 0.1341954  0.10998528 0.10082614]\n",
      "[0.11631551 0.40819957 0.14082959 0.124003   0.10688771 0.10376461]\n",
      "[0.09767993 0.49786867 0.08272229 0.1336713  0.1049448  0.08311302]\n",
      "[1.99649237e-03 1.15307713e-09 4.33802597e-08 8.96680099e-01\n",
      " 1.01173941e-01 1.49423636e-04]\n",
      "[0.11145369 0.42474003 0.13716487 0.12287343 0.10239736 0.10137061]\n",
      "[0.11463106 0.41366526 0.11786525 0.14245069 0.11290245 0.09848529]\n",
